120.14742748662067,22.990258889860844,28.755866772099793
120.1473486591051,22.990324733057175,25.09851057487464
120.14732456494474,22.990347490543517,25.084479777925612
120.14729151948782,22.99037237375885,17.595478109352808
120.14732128750077,22.99034522188904,28.16148365689666
120.14735053573393,22.990325854022597,32.249530715708104
120.1472906104796,22.990373429585098,23.10338449476436
120.14741861753787,22.990258749352456,51.8579488732133
120.14742880232411,22.990245533759026,48.859628607884794
120.14734621428096,22.990315857980722,35.95186957256027
120.1473581502311,22.990303820801323,37.479947275976315
120.1474223650007,22.99025101790197,46.12584830172353
120.14738728519713,22.990284844632907,39.16645644505131
120.14735761488276,22.990317785127303,25.636561020535403
120.1473995480952,22.9902868953262,35.17069472939443
120.14736358357503,22.990311570058445,25.92972139448566
120.14737999784805,22.990291939584335,25.63598836632503
120.14738745793782,22.990277578627826,30.453991811322492
120.14744097783748,22.990231600754868,43.72301181393266
120.14745776567295,22.990204927902713,47.61879601019903
120.14749265028915,22.990174094068394,47.44710772551477
120.14744849792352,22.990219617313535,40.963587708526035
120.1473371596395,22.99032258177902,27.704720421806396
120.14734484184206,22.99030603236085,32.31877708520479
120.14741702468996,22.99034819264445,35.13128852822169
120.14750187863318,22.99030396644944,48.55433570865899
120.14752505426029,22.990342513596058,53.121694443147064
120.14747272521903,22.9903970238098,48.243458583142605
120.14746265351884,22.99039031666137,46.124631319439445
120.14744518733717,22.9903867348055,47.30852410743276
120.14740478506168,22.990406498738047,45.35720951860269
120.147389164565,22.99040177614518,45.02809238427948
120.14740509940358,22.990385245681534,49.91269475508904
120.1474393708366,22.990353677359167,50.71985910814357
120.14743467254077,22.99034613506345,52.280687405623155
120.14740509257109,22.990357364390995,47.43452104423368
120.1474029418771,22.990338956707554,45.35135024832781
120.14735189087804,22.990366478004525,31.60258018075258
120.14741595162552,22.990314049250333,42.48041525641597
120.14742937983196,22.99028693303851,37.886284402919806
120.14743317621,22.990283280731326,37.24830927054653
120.14736154367469,22.990327529735623,26.91942436749521
120.14737945186286,22.990312744484076,21.55757199726
120.1474741422663,22.990222332105354,30.840986856595883
120.14749857350444,22.990170473514567,35.01793281810241
120.14747750913523,22.990189132398864,19.93000045445567
120.14745230862513,22.990225428997263,24.82005604820527
120.14740044214251,22.990278776837215,16.876001660422688
120.14736629948149,22.99031189681848,17.210677551673424
120.14743895378538,22.990244867798125,31.293577588019396
120.14742043110896,22.990262993421105,31.180467004682832
120.14741710172544,22.990259614413752,34.65962266885826
120.14744430894262,22.99022571009485,38.777006271961724
120.14738722470821,22.99027434532009,36.2407852541051
120.14733970505914,22.99032228388702,30.218660245192375
120.14731309150812,22.99034552433826,30.172152217739594
120.14733811639371,22.99032500715198,39.47512480586081
120.14732780208551,22.990338425000456,37.732949157047635
120.14739363051031,22.990281750065495,56.66248247718485
120.14721598842885,22.990434882013776,29.252674024374453
120.14743113644515,22.990248521448507,61.679029893082124
120.14743627345169,22.990246643072723,67.23505110655073
120.14724794671469,22.990407344023993,27.881159050592863
120.14727010002608,22.99038996599529,26.982466549993788
120.14727659285205,22.99038536347647,27.729164408276603
120.14727343611739,22.990388224702425,29.864039315761154
120.14753292487737,22.990175418013415,74.62995196037174
120.14729015880742,22.990380692810948,31.107430545905004
120.14729745429261,22.990385489476722,28.968537258659598
120.14730827556153,22.990389959346572,30.44691549846332
120.14734011929207,22.990376552067893,30.85872595420978
120.14732978829824,22.99039785461554,29.89332148795062
120.14736030053639,22.99039267710198,27.821895687062295
120.14740476480432,22.99039210741044,28.3839045155917
120.14742214097531,22.990405738476262,29.684205246557475
120.14745699151169,22.99039382818092,27.680309471836747
120.14744452632203,22.990400561460614,32.54811811653225
120.14742916459915,22.990388222360945,29.991992236913237
120.14749046643568,22.990311681133743,43.103725237583
120.14745688822954,22.990329169965452,31.30227135262441
120.14743702679807,22.990317646648787,29.544185637901524
120.1474052824798,22.990327700363995,29.38472461417656
120.14733585364347,22.990372980878032,19.004959411061726
120.1473503801687,22.990348041805515,27.67073080477086
120.14738641754708,22.99031346037619,24.97027886527089
120.14739186223407,22.990300260390235,32.27546924355462
120.14740894249071,22.99028042334142,34.320883174949905
120.14740413320628,22.990279322248576,33.90406582735478
120.14742518979902,22.990258721328235,32.591746509137266
120.14740057085397,22.99027066314268,39.1601192861171
120.14739164544329,22.99027195830514,38.14782584492873
120.14734580034958,22.990307481079075,29.77204192746484
120.1473917029401,22.990268866269155,35.23906262640409
120.14750138528066,22.99018945034771,25.04486291629077
120.14741705235264,22.990262677404186,7.576439727674926
120.14742024939135,22.990264183953542,3.7459372322301654
120.14744929938743,22.99025191703652,14.574251277455408
120.14737481723623,22.99030560792397,-0.6000622280108653
120.14736971493146,22.99030340264003,9.944898980383934
120.14731532442441,22.990328589905875,32.87182934659366
120.14737517909367,22.99029733033514,12.366509082322922
120.14736247011578,22.990303965218995,9.786968821796288
120.14736209136503,22.990352595937768,37.30178017388542
120.14738211819497,22.990355766857878,36.87950985669048
120.14738032616525,22.990369739012554,43.99129425592772
120.14733529260795,22.990415575834664,39.47654016911785
120.14728518441267,22.99045744192619,48.54448007794026
120.14727148885504,22.990472519263594,44.10272684206339
120.14727845752049,22.990470025344894,58.34375337271543
120.14735272278396,22.990564410859317,57.05142664304114
120.14733292516598,22.990621662561143,71.15982559081152
120.14734004565152,22.99060977025616,64.47569838975798
120.14733031554549,22.99073478360243,89.10652011965853
120.14748940510165,22.990640971240712,75.19679705919225
120.14748907736357,22.990641906985363,63.015728570089436
120.1474527888405,22.99069152201482,80.27450624506929
120.14749027574143,22.990675839232143,76.42864233199441
120.14748635937423,22.990655786465048,84.79242771046331
120.14729287539413,22.99075195770556,148.27672836103895
120.14744169700802,22.990627744735757,137.87383337921975
120.1473861122831,22.990695930770233,147.33319958191214
120.14749989451776,22.990674825365733,109.07981802854081
120.14749790396901,22.990743325567575,127.05475360451483
120.14753290595094,22.990604565670555,110.24753572434145
120.14751967375582,22.990507423707154,88.89256434441822
120.14755742858658,22.99048091140149,92.116872229298
120.14754977140863,22.990411229057873,83.7347422562898
120.14748780727034,22.990458165137188,82.06529606736802
120.14755725341794,22.99037636826759,88.01101912158782
120.14766071467926,22.990377336177392,67.75066465322638
120.1476273067924,22.990357811935553,60.4643016674676
120.14769172115577,22.990419816532516,69.82496797488467
120.1476434598972,22.99039237629998,65.25713465229856
120.14756355477562,22.99037629255842,76.13025800080497
120.14764364506792,22.99035790706643,75.77721748664602
120.14760190132486,22.990332038613477,68.71066841941364
120.14760866604458,22.990340966330038,71.5979903610901
120.14760843391072,22.990242924130055,59.32437702452971
120.1475788355668,22.990261104164063,60.84941376392315
120.14761296649071,22.990197646940658,32.87381330994828
120.14749876694174,22.990232526414584,55.50987009356848
120.14753067685461,22.990186955344114,37.952051057437494
120.14755427197717,22.990207705903558,50.651214276931775
120.1475526964368,22.99021419714506,49.73091590352798
120.14754203994937,22.990215226971657,59.24784075107401
120.14753434094735,22.9902396116664,57.088430682490255
120.14749564869402,22.9903456706552,42.14151145878719
120.1474608986358,22.99041318154337,62.09413586103103
120.14749059122174,22.9903670874418,60.5146950915697
120.14745223225908,22.990394100491084,74.07215443967326
120.14744486291252,22.990430591504033,82.20499175593639
120.14758579077382,22.990391966592387,70.94165719117453
120.14756642280341,22.990340852825824,68.08989826850247
120.1475850420991,22.99036381500174,61.34687608007518
120.14758574192386,22.99029083224671,46.939340494263895
120.14754674160432,22.990226985705878,25.26586094290397
120.14761570266266,22.990272832818686,31.57388681367629
120.14759403898964,22.99032573619635,82.72808199961061
120.14772328526612,22.990266850580262,36.17576561000723
120.14764710728274,22.990185312572475,21.75331127548886
120.1476031245142,22.99028192914374,44.401167340078665
120.14760209487319,22.99028140712085,52.06477321547606
120.14766717429157,22.990332287201294,48.30854840414264
120.1476241707209,22.990283116450804,47.861746285164045
120.14743436126861,22.990392772035076,101.83190328981767
120.14763097796425,22.99020951567514,42.86205179609825
120.14765627630742,22.990239573016762,41.3783502955166
120.1476543567608,22.99026267545617,39.80817516165905
120.14765840252406,22.990318981484148,40.38211723328576
120.14768610197827,22.990274618065225,21.091534211581237
120.14761651059767,22.990257574914185,25.713955628600846
120.14763969314164,22.990403299229712,34.34507688721988
120.1476094917943,22.99044897505147,54.00539719874173
120.14756421709362,22.990283876305107,51.44687662974278
120.14765589692395,22.990256631078765,35.08380418969889
120.14763394021597,22.990320208515335,40.805131970588114
120.14761007277237,22.990361507569915,48.588925654460354
120.14764599483765,22.990233023668456,24.47746972574756
120.14763720552743,22.990266040855236,31.54761360824603
120.1476439149221,22.990339465429436,49.66461989304316
120.14766556094152,22.9903570233641,47.89684988093153
120.14766297585847,22.990442703479907,56.33954850608331
120.14765524280526,22.99043923641491,47.31642350738524
120.14767494460736,22.990427066371325,36.967158421830526
120.14765248486981,22.99041982603528,32.84052735755195
120.14762806750961,22.99047098333737,36.156274969818334
120.14759341700345,22.990512501531963,43.222624601995605
120.14765204641684,22.990603293515562,36.0488873626971
120.14765995661074,22.990619151367927,41.8508726445262
120.14772394397801,22.990653010039296,41.27671985952772
120.14775073618516,22.99074720017976,56.18954290827368
120.14782617939531,22.99075071279751,41.46379338713591
120.14781278637521,22.990750952982662,39.94775354589658
120.1478499023818,22.990799712662096,49.930384525132624
120.14790396880814,22.990837830701107,50.33643422344294
120.14795647921893,22.990887192641843,41.33732020124947
120.14795908432632,22.990909140024467,42.64286108857983
120.14796831493568,22.990951025628128,37.053766715517696
120.1479854101998,22.99095277128738,24.17586256889485
120.14801187477997,22.991071240218254,44.178047283845146
120.14802234497145,22.99108244822891,43.33749093630604
120.14798269800689,22.9910424271527,43.417232370967916
120.1479354106001,22.991132018737517,48.40040581936011
120.14780480212623,22.99104851071605,62.52637279571235
120.14788396414887,22.99119287036313,38.34814257196513
120.1478395756396,22.991222844042962,35.382590211804995
120.14777079204681,22.991243233937187,36.788870823641666
120.14771096844497,22.99128588321293,35.67773925060921
120.14765077911206,22.99132052104178,36.12525357524834
120.14760209042612,22.99137498363429,38.91218383160088
120.14755340565193,22.991422062767917,35.30721171237056
120.1474971329782,22.991472893098255,32.77035369378733
120.14743249030595,22.991531451376186,31.37189668111973
120.14737517089783,22.99160397949399,32.45497579454412
120.14729538073487,22.991695209414537,38.05263901479695
120.14723527750776,22.991737496857315,36.89246991230937
120.14724411301641,22.99184157259229,43.793930107530855
120.14718303210796,22.991921434430203,50.316116866257424
120.14712028121068,22.991983825514822,51.12161069503126
120.14704714376394,22.992097299418116,58.193954213887615
120.14699333431501,22.99200478565159,34.92658599213923
120.14693677477209,22.99203912343124,31.69113617824147
120.14687431769713,22.992075010436203,30.42698307817645
120.14679886275663,22.992109671475166,30.34368790116383
120.1467362732788,22.992141419131595,29.617915320846834
120.1466715287065,22.99218451112287,26.38938446745165
120.14660327739473,22.9922330035056,26.658612606069013
120.14653621762093,22.9922857407168,25.7027361732405
120.14648047324754,22.992337864222918,24.044798968822803
120.14644704743978,22.99240795211294,18.385436796868657
120.14636807669716,22.992457262333467,22.069833278418447
120.14632434271788,22.992521148206617,17.82431551793387
120.1462413399107,22.992556692952206,21.324130141176152
120.14618340127201,22.992611678498438,18.38431095497853
120.14610936871973,22.992666567103843,16.892906691047035
120.14604187455245,22.99271067269331,15.243420161998493
120.14597361996421,22.99276543339991,15.542216084247764
120.14591829519166,22.992810604707532,14.348488645007528
120.14586517024763,22.99285464667896,10.233758545318985
120.14583746577438,22.992923313599324,-1.5066488244185554
120.14576034545911,22.993054535285953,8.368938992124699
120.1457146238047,22.993027150194038,-7.1453086973552615
120.1456524432177,22.99306749594666,-14.80410676320004
120.1456050549833,22.993158581831217,-18.75925578575852
120.14556736604409,22.99325289980633,-25.08654867650853
120.14545542404022,22.99330185221788,-13.470867498937759
120.14534557285677,22.993364692777796,-3.5630403926220544
120.145305944966,22.993429968402907,-10.62599317641487
120.1452019042903,22.99348805602805,-2.629877458825727
120.14511184444554,22.993563090669046,2.2636672397128406
120.14502715481495,22.993624130943324,4.896967480050279
120.14495124447211,22.993702774832187,9.521609065581968
120.14485667516095,22.993770894433137,14.6495172118929
120.144781364808,22.993798379740785,11.687121720172177
120.14470050153288,22.99392703324415,17.103593496600435
120.14461840092274,22.99398813430859,21.935835720160675
120.14454164959345,22.994051618223345,24.841912177454304
120.14445902227682,22.994115574444162,26.51413153864419
120.1443862096009,22.994188449159846,28.885806248028267
120.14433180594834,22.994286674973083,28.741600746976538
120.14423951353557,22.994341991895578,36.18908582965158
120.14418527372187,22.994400780849965,36.84466404835594
120.14413185807084,22.994460050743214,32.91807366409302
120.14406610507677,22.99452665685099,31.810649522836414
120.14400139108729,22.994590332860522,30.00474419249017
120.14392266957759,22.994657103409885,33.80816804785984
120.14384891162479,22.99471608917946,32.83464215656751
120.1438083098729,22.994751663740182,28.90874903008031
120.14374324578895,22.994789112003264,26.03183646648367
120.14370828536606,22.99481320537465,20.344326872048114
120.14369832730948,22.994811051622836,13.31725005954265
120.14364156261996,22.99488098178871,14.495817710033199
120.14360586331524,22.994955937321084,16.016047605178983
120.14361071108536,22.994962954969985,12.123013718446478
120.14363766629629,22.995021875917327,12.381757681775106
120.14368615066019,22.995045844927457,15.842315409795505
120.1437561967886,22.99514441913203,24.62744250894333
120.14380803548191,22.99515216299913,21.648773403012193
120.14387314401803,22.995176476238257,16.839666245199485
120.14397692089496,22.9952036724589,11.123463505154001
120.14413140674529,22.995220954246907,8.384822031707671
120.14413224030405,22.99532109343971,14.960914288107617
120.14426706376193,22.995357519574174,14.992890718570164
120.14426730155216,22.995414980230677,20.74853334908263
120.14434493762772,22.995460983718544,10.756858481273566
120.14435255078321,22.995574581050604,11.821851318426036
120.1443925616444,22.995695588956593,13.599729157801864
120.14445508019654,22.995821500692074,21.177486611709732
120.14445189698459,22.995944816216948,26.14655725392557
120.14448583295618,22.996019599907378,19.890091799398906
120.14459019252965,22.996039178811547,23.41614845976804
120.14462250613458,22.996099633571507,22.929648685768036
120.14474529855353,22.9961249213853,27.82276378089918
120.14482792479724,22.996207850582678,25.82931186424322
120.14491646654133,22.99624936965193,24.273208263606588
120.14498690542018,22.99633704010125,25.08887380243187
120.14504993456941,22.996446914242966,29.292031079493647
120.145089099948,22.996541704608813,32.69290400097491
120.14518240039472,22.9965997252189,34.10529314447291
120.14528478077817,22.99657878622405,25.701270868646763
120.14537826237334,22.996585404899406,21.686445776408387
120.14542856405019,22.99664400484079,25.07476646947401
120.14553137117787,22.996673375916984,31.074755788779076
120.14557750556352,22.996740215887904,28.640292237477244
120.14567422274875,22.99678161670958,25.241207381696455
120.14579568772967,22.996803716631227,25.27886967334845
120.14591649510011,22.996838555542517,22.91172037934189
120.14602340553365,22.996859320772394,22.70235938872797
120.14612560136284,22.99686825204024,10.206922017919062
120.14617861442643,22.997016415124875,24.43976979202615
120.14623892734832,22.997094483456383,23.63300720566945
120.1462871223189,22.997133072289028,19.825250164626418
120.14638993495834,22.997203824316916,29.55380336526865
120.14644604494146,22.997253506097888,31.011486659046504
120.14652735176624,22.99721323918619,31.97631649116761
120.14659077850285,22.997162350125645,30.019083870801985
120.14660563647993,22.997213270870514,33.78945999122847
120.14657994035983,22.997284690383804,29.45699624438923
120.14661551170818,22.99730430256242,33.437243798912014
120.14664256413307,22.997369756501516,39.66647776710096
120.14668032499581,22.99740735877156,40.67686761253673
120.14690409824293,22.997227978887025,32.53251262788594
120.14696586345445,22.997288924191434,42.21734133133058
120.14693818621258,22.997425441062852,44.25299454388319
120.14706794405481,22.997395854452236,40.33363371892073
120.14723634499416,22.99732323531459,34.079614522260705
120.14718554546793,22.997528757461673,42.03426972312386
120.1472586486129,22.99758735099319,43.56315145401078
120.14759615909564,22.997395380902216,60.08774645265681
120.14768287584187,22.99744500063532,67.37581559015952
120.14761714467727,22.997624852187926,49.16247553188357
120.14769094919909,22.997658882512024,43.33233065998915
120.14776332361164,22.997721752144617,43.67247843312734
120.14784443379105,22.997751944636246,41.0013906449638
120.14795181395958,22.99779354731858,45.475990959764935
120.14803416618632,22.997828206830196,40.63249445739753
120.14815905406371,22.997840399307087,41.1038651816768
120.14825719658735,22.997888199744818,38.447408568886345
120.14834294626922,22.99793867528218,36.0723562601529
120.14843856053201,22.997978389394845,32.8954445002749
120.14853773345209,22.997959055307497,21.638488036617368
120.14863118230967,22.998029955323563,27.34225743928406
120.14871537115503,22.998100585391906,32.50623507895752
120.14881963565364,22.998095234315503,21.746676358775318
120.14892579408024,22.99813647227423,23.495952270803578
120.14902202724407,22.998214788911184,26.09399036441655
120.1491221483258,22.998214634094474,17.902649972683687
120.1492275887764,22.998275249523903,25.786721068098007
120.14932818455603,22.99830382153875,25.629518787142196
120.14944262395947,22.99835058734444,27.437877108887562
120.1495123480096,22.99845076985409,31.40970557925006
120.14963340609374,22.99843469201852,23.403026609357546
120.14980748534718,22.998458061677322,40.46468586129094
120.14995330721486,22.99846167592063,50.95662856886398
120.14996851938675,22.998512862424388,27.79938827798484
120.15011361253049,22.99850963963169,30.59418684530228
120.15008960631887,22.998709635692336,30.775503706862654
120.15042207336857,22.99857039079898,60.199681117998175
120.15052818028846,22.998601611872658,58.63917694829851
120.15035371201633,22.998886745014545,30.854320252453213
120.15047847521363,22.998904218993477,35.38493781790823
120.15058985175853,22.998918864190795,34.08771159991999
120.15067910092445,22.99896508914783,35.98304675282922
120.15081539753608,22.998955660907356,43.75149993179485
120.15091094298803,22.99899531562609,43.749725997297666
120.15097577663806,22.999044619923662,37.88910137534371
120.1510987796268,22.99904890291902,38.01462063594987
120.15119330705656,22.999077750280193,36.118627494533136
120.15132224460449,22.999115586452746,43.241106857099716
120.15141573457977,22.999205909461107,43.67696570213252
120.15150093546907,22.99932298298152,55.63947403519741
120.15154370952901,22.99945480436219,69.7333304134026
120.15163591344603,22.999503021132142,76.8826884092307
120.1517378672601,22.9993863309803,48.565085249712936
120.15180327496856,22.999390810041454,40.704659151180024
120.1518778902759,22.999393745567165,33.032256125956614
120.15193713873585,22.9994481843194,35.822163488342476
120.15201137381567,22.999450429641072,28.633961969698078
120.15207238503936,22.999441521114882,24.11738399674541
120.15216977159751,22.999395524696286,18.590446571538784
120.15226875962426,22.999360663376777,17.94258884076292
120.15233519562108,22.999399196651147,19.465875775251106
120.15234323931332,22.999439913308255,24.53239467834011
120.15233918467561,22.999429367208165,19.782042386387126
120.15230692881694,22.999463578702336,24.72794991967576
120.15229752915886,22.999479636528374,30.69710029787097
120.1523859813434,22.99952935381256,33.620190362297414
120.1523940778834,22.99956552024972,35.7994713054314
120.15243607842272,22.999504738000287,23.371999989214785
120.15239381477465,22.99948161144994,19.094004843098208
120.15247818623124,22.999520219672434,13.835895314889479
120.15251704645783,22.999573697241562,18.54811604212165
120.15257150085807,22.999647202237128,25.733901854698868
120.15262024272506,22.99962591187326,19.48569650277401
120.15271979924779,22.99971548280765,26.60738624523166
120.15274171072932,22.999774352615137,22.402055012385244
120.15281613958524,22.999757792295306,23.189956171188147
120.15295334024022,22.999823281389023,31.061022896903577
120.15298465137758,22.999828833066072,28.347850909426384
120.15304656537656,22.99988953560668,28.781231271564724
120.15319704096957,22.999838657351237,36.03669159648153
120.15322638935962,22.99989481447496,30.555271591593336
120.15329473719625,22.999938667068548,28.6936265442284
120.15333172459313,23.00001032324172,25.530292275603315
120.15343220173249,23.00004124137754,30.700094864370897
120.15351153309221,23.00013596020508,40.190868638969846
120.15359674179246,23.00012969539558,35.26431827484966
120.15367274299898,23.00013057675398,29.57372202303873
120.15375899703204,23.00013384494807,27.403005415809968
120.15386862073535,23.00015872033095,29.541404706680073
120.15394629666683,23.00018855247164,25.606411505716785
120.15403312614578,23.00023021216167,26.87105687221107
120.15410026675873,23.000307008487507,34.81719958299317
120.15411091643945,23.000455421573825,44.36653731400983
120.15418309995111,23.00049197692831,41.889112686169724
120.15427260446944,23.000430810203188,25.243565178494208
120.15436558446068,23.000433376456268,17.26880014879553
120.15444419473664,23.000527483308133,30.17903524012125
120.15452325464821,23.00054218957592,24.195929618189453
120.15461876443513,23.000529969728415,14.061509943406882
120.15470890675515,23.000580299498797,19.11369427193487
120.15478164933042,23.000675075941874,29.496796921789407
120.15482291853742,23.000642378419126,14.047288317473706
120.15494290224669,23.00068079980499,12.518349518467666
120.15504804357174,23.000733314609036,15.811178848557303
120.15513942812223,23.000789283595573,17.273108882449172
120.15525816220838,23.000781971642855,10.80722932311968
120.15535265379764,23.00082638881166,14.180812882532091
120.15550453827835,23.000842565829178,14.025394585507806
120.15558006358287,23.000937055527775,23.986435383607123
120.1556400947022,23.001006347027502,25.96029760821247
120.15573246388205,23.001045020113292,26.29759320597686
120.15582548369238,23.001070336274616,26.129530269146155
120.15593427265671,23.001126772897138,31.53714262882353
120.15593321395487,23.00109531704134,23.28316585210694
120.15606522670068,23.001191889940852,26.312861018354972
120.15614732197896,23.0012244706953,20.492069688475215
120.15624325922461,23.001256315713825,19.852767708757323
120.15631190908343,23.001302527726896,12.799703705257675
120.1564061810084,23.001349530224964,27.199701343382863
120.15645124028627,23.00137448314126,13.077615379897559
120.15656050729363,23.001416201587855,15.724862465219857
120.15665526177587,23.001461553618473,14.176610978852622
120.1567375362775,23.00151533878766,15.023136291718416
120.15681243506414,23.001581271882642,11.18550584413828
120.1569430605927,23.001594471732183,14.91964957274565
120.15704850850233,23.00163230091504,15.880582793097284
120.15710759374507,23.00170065317972,13.982035047463185
120.15720168172997,23.001728215328463,14.720085413799715
120.15729005146059,23.001760010624842,15.61480104345873
120.15736335493168,23.001794418131936,16.419331472374715
120.15742579421091,23.001857259842588,19.06843979068413
120.1575023974896,23.001887337073725,17.56863899725647
120.1575928028488,23.001922819569657,17.191544309823847
120.15769484956357,23.001915042269765,8.179743491032573
120.15778078585147,23.00194557117061,9.669124162167222
120.15787112840022,23.001977377726394,13.324557065039462
120.15796534754668,23.00196987250864,9.090623082372966
120.15805273928345,23.001996922009006,12.536145197478596
120.15810986367656,23.00202154779295,12.069333620303548
120.1582234710993,23.002036764116603,23.387388614321658
120.15831036825762,23.002050769632906,25.22143320783768
120.15838604231288,23.002107132542772,30.15781056835881
120.1584635480015,23.002156780362377,34.338709967811255
120.15852774406541,23.002190220392453,31.503191252595638
120.15859136671007,23.00222163770697,33.30889772453928
120.1586492266285,23.002248986775328,32.841867051340195
120.15871812848829,23.002274232093566,27.647331341659932
120.15879592603349,23.002313031707736,26.506155642651738
120.15885745907468,23.002359293312868,29.99329241265981
120.15893961920794,23.002374060148718,27.708163719217385
120.15907658044881,23.0023697484084,38.29305478059513
120.15911479550367,23.002420971764337,28.734885179699084
120.15916800908496,23.002478340611383,24.871092772783918
120.15924794235048,23.002487881648012,24.58328536883206
120.15932519656558,23.002533087148645,32.356718776706444
120.15941573111351,23.002553428940196,35.45928791122191
120.15947475689259,23.002563159386174,32.49642096458176
120.15957890262465,23.00260587684814,30.15732451388623
120.15965202990826,23.002612960212772,30.550942906192567
120.15975397135841,23.002655135852105,30.554252667875694
120.1598977517225,23.002535321337287,3.417005940162743
120.15996587981826,23.00272259254221,29.339670641595845
120.16003894520796,23.002711617076674,20.13639647098044
120.16012710894587,23.002598538115766,-6.206165065061416
120.16019075459499,23.002737394834924,14.404513291847902
120.16027128848134,23.00280783801005,21.48633478894324
120.16038652311826,23.002762871153287,9.302544713068988
120.16046519953949,23.00286974550575,23.160926693962992
120.16055667164322,23.00287519658437,20.494861928110396
120.16064956575977,23.002812443757566,10.041716086063522
120.16072784689557,23.002913234506106,30.667250604051425
120.16082105620242,23.00284875413072,20.82317604609915
120.16095022518489,23.0028963687898,32.22146708347566
120.1609981038124,23.003053190202202,60.338838101070884
120.16109324208531,23.003068197071944,58.76468565387075
120.16115648898756,23.00300534417928,49.20212177532936
120.16118403110445,23.003018843252743,55.625337626532215
120.1612246947858,23.003124417100366,80.48741423764675
120.16129872700247,23.003039382570194,62.45236719713372
120.16144527333586,23.002890478052443,41.96182711230522
120.16153447291397,23.0028829016959,40.93202281673344
120.16158547898628,23.002950160628448,53.58948498311643
120.16166090362671,23.002961122836343,56.528331889662866
120.16175852949594,23.0029962106531,53.63124407805248
120.16185074399289,23.00301294137053,49.049464482707656
120.16189393678745,23.00305557788066,67.75871671997248
120.16197594094365,23.00307098479812,73.50168053883286
120.16208280667034,23.002963392009505,56.70321920702241
120.16209820317226,23.00316263820115,81.36397373609604
120.16214216547284,23.003264706596493,102.3664834512227
120.16221271306219,23.003172267303686,91.75278565783913
120.16227175242906,23.00310997488298,83.9920353188577
120.16234716894027,23.00297474085652,59.900633396907374
120.16249122473256,23.002955859085898,57.099803863900235
120.16256409652237,23.002908770410325,44.73993017619958
120.16262850205129,23.002937596111874,44.062419139846064
120.16269900017478,23.002956941149943,46.113290195908874
120.16278990230168,23.002894176791443,36.21952848308528
120.16282600516185,23.002893957327093,31.538562230017504
120.16292664550963,23.002836809737556,30.319071063367634
120.16301157556256,23.002829197198725,28.355203787264394
120.16310120250317,23.002797099158993,25.749580411088687
120.16319373535076,23.002758864536982,20.6957272546759
120.16327776727984,23.002761523863303,23.271474633232813
120.16336562849945,23.00285543432614,45.83178630141748
120.16340219065239,23.00276741381114,41.394336091849105
120.16348018960527,23.00266155677114,27.030459831036296
120.1635259311177,23.002764967779484,48.30803071976017
120.16359366629057,23.00275154898485,45.73374131443884
120.16372294547628,23.00269967561199,30.437408618373084
120.16382205145908,23.002819380164023,51.118675941279065
120.16377214149536,23.002776897290715,51.08923487518786
120.16382248492468,23.002720455014163,44.48560168266913
120.16386985738691,23.002611198380635,21.71574931067291
120.16386844809891,23.002500155686477,-4.12671582165716
120.16390200708283,23.00261861307801,26.32140478943826
120.16396200056312,23.00252487145336,12.93299468333044
120.16397329080597,23.002828256190867,71.29710182981569
120.1640537437852,23.00249585223079,15.070154728121718
120.16398440298192,23.002605144739114,33.077701090197635
120.16410917350706,23.002532300957565,19.06379024953928
120.16406852043636,23.002507780293282,8.292599967769588
120.1640957951471,23.002501581878168,9.710227249175386
120.1641655667153,23.00250340174909,20.73720720173462
120.16413960904201,23.002682670668833,53.35426321402083
120.16417649359097,23.002552097288362,30.660788110563466
120.16416839268736,23.00259910729499,33.530999959904356
120.1641497039923,23.00268524845683,47.059935530105754
120.16412020549545,23.002733397930644,46.48874391503017
120.16415195924874,23.00273319074124,52.83124383059161
120.16416731458935,23.00268489032933,41.36683253523418
120.16416118015253,23.002757719701705,55.513889782713846
120.16417860781175,23.002731878199317,54.03452294778287
120.16418988002597,23.002697021890803,37.0341679791467
120.16421564076025,23.002700013888077,28.90316502705772
120.16425264176144,23.00273781448877,27.699588529152955
120.16428760789437,23.00277226871524,23.98119986664909
120.1643490390239,23.00279310330969,22.95727553391655
120.16445228812623,23.002788329264,24.07857587706808
120.16453889851977,23.00281452603498,24.84277976244569
120.16463591093488,23.00278376951335,14.585242311297225
120.16471541770892,23.00277591334863,12.711255017494222
120.16484536560235,23.00274382727754,-6.452004535825662
120.16493048245016,23.002727681565595,-5.934678665293479
120.16502377178391,23.00282327828168,7.181103051789539
120.16508975844648,23.00280289258667,17.560266208788317
120.16523280577707,23.002754819357225,11.638003090452328
120.16528036264194,23.0027793963512,37.51530309611692
120.16532857705293,23.002722852995515,37.30585008798024
120.16536106301977,23.00267954779575,50.96762740551202
120.16542609360806,23.002739257832765,69.53812158791793
120.16549078330043,23.002593028551868,46.912831639643365
120.16559885153725,23.002598449221345,35.74093790704989
120.16570175537957,23.002563365434924,27.86716058143772
120.16585181613631,23.00248851503212,27.12574690683357
120.16598802122877,23.00239168808165,10.668699479151572
120.16610074127443,23.002433109408805,18.57794250202535
120.1662350627635,23.00247053777913,31.0659792341174
120.16638395368274,23.00257329713055,48.778187072698955
120.16631201814685,23.002015429481304,-41.54132657847748
120.16642952745975,23.00240435945005,24.803176224105645
120.16651424769749,23.002236247671373,10.309324601330088
120.16668395812357,23.002360015262607,35.4637369909905
120.16679660669112,23.002208366412344,18.890259304514153
120.16691202788947,23.0022365213157,26.592392545982044
120.16693846656916,23.002369128577655,45.56563289604938
120.16699132460313,23.002260879292272,45.44554984673803
120.1670958031391,23.0022819684601,46.2068196141351
120.1671581428004,23.002145345046927,32.766386197437065
120.1672566012488,23.002167394744394,43.97592794114688
120.16737299154285,23.002301882551528,77.39273044157204
120.16738245719719,23.002161057177194,62.698585450925854
120.1674391786639,23.00204837523121,47.226511167396936
120.16750160610924,23.00194061247576,30.45544881512124
120.16765323582078,23.002167883820626,69.51082656295112
120.16768083734641,23.00205770262851,60.94361088041095
120.16765389028556,23.002307891876036,114.43498666400487
120.16784008377185,23.002237959173886,102.25166661530729
120.16788511314562,23.00187583593328,41.04300614238664
120.16807080058547,23.00185292988296,33.777786112830206
120.1680660121632,23.001882832661064,49.633147091537154
120.16812856967839,23.001864376474757,54.35660644744853
120.16819279961922,23.00179056384821,60.42873331839371
120.16834500302383,23.002028498583652,97.34182729806166
120.16843061745034,23.00209815385504,106.73586630170945
120.16851082107289,23.001910355149096,84.95425213270133
120.16865903517181,23.00198715507222,110.08880502222584
120.16866033283604,23.001690537466533,65.7385146315601
120.16891479716523,23.001547239941488,52.39612308193552
120.16899772099866,23.001421273053296,36.6238959548966
120.16905133814362,23.001450401337866,38.831065395707114
120.16918141082172,23.001443772953365,47.17465040375121
120.16926737440573,23.001506018412602,65.11796163422028
120.16940580266821,23.001454758716577,61.09589822630404
120.16944485257801,23.001255679724782,32.26672406371618
120.16953835014968,23.00124411902569,35.417874726744756
120.16964651804913,23.001203980561332,34.235350562388355
120.16974378576987,23.00118860558828,38.237464650801655
120.16984510589744,23.001159715290164,40.266021785358774
120.16994772840144,23.001127923044923,39.6216208992958
120.17017870422366,23.00129166041002,79.34230829122676
120.17039291210183,23.00119899937438,61.69421038174884
120.17034350175176,23.00100828028944,41.6731356591098
120.17042985926251,23.000942956003943,34.61165087204978
120.17049400050121,23.00117005202117,85.9778566395113
120.17065757094468,23.000823743624167,31.274552909347154
120.17069509077467,23.00100625793748,72.00930129376425
120.17089151072456,23.001006120297472,73.70750054629818
120.17094530562468,23.00083288370632,53.3022769135902
120.17107001810604,23.00075385417865,45.66621742159982
120.1709545870129,23.000601627750488,85.08024462715963
120.17115004717157,23.000648751252452,62.83198872595016
120.17124339395525,23.000648081853747,61.12937885195327
120.17144913516788,23.00072664217232,38.68772611895762
120.17129588641927,23.000586443472574,81.47640481683194
120.17160289144736,23.000656069774582,37.1236487281379
120.17165656357398,23.000604041635548,42.00021766806933
120.17171946553412,23.000611010143817,48.880766986670345
120.1718529660278,23.000464418790447,34.83003398841317
120.17183269826666,23.000374813906536,51.56449391048641
120.17197292671196,23.000330694221535,35.7769287581826
120.17202006466597,23.000320255614188,47.05062696588129
120.17210920913203,23.000303205589663,53.287500336251185
120.17217724221157,23.000302722902813,67.22862316964245
120.17232079726813,23.00032692544272,55.39896211819049
120.17245830933582,23.000327827453336,51.75433849896762
120.17253232936294,23.000319027099845,62.14128802235581
120.17262714430142,23.000313621862567,67.29179070832059
120.1727502640497,23.000289545585645,62.24186602763614
120.17281233530422,23.000175161711724,65.47348470427818
120.17292645631369,23.000108603367014,60.79786632900112
120.17302572551718,23.000074627814385,60.2142423946358
120.17309189620065,23.000057254403178,73.06175709226632
120.17318403908817,23.000059566232498,58.2899707667874
120.17337632783189,23.000022621439165,47.45778040835522
120.17346131836278,23.000004816857444,54.529370020626196
120.17360841488069,22.999817403640826,8.10463995458434
120.17379377092021,22.99971363390112,-26.852027610320732
120.17389716065287,22.999638622142914,-39.54267660632022
120.17405644631636,22.99952495402436,-42.13502426303907
120.17391671164465,22.99989841879658,84.07897738744435
120.17375154709026,23.000327696415226,216.26709120041014
120.17380890484272,23.00024400879979,220.23206433352422
120.1740354202614,23.00022828980848,198.8085391149866
120.17419281359224,23.000625394879197,279.5191844326647
120.17426217436163,23.000530431489242,257.06009581251703
120.17437708272355,23.000378988124574,224.2540023337869
120.17452602924504,22.999898757971266,120.6477963604767
120.17472323210589,22.99936755995657,-12.219823134817661
120.1749166043297,22.999545686529807,0.9995755595826005
120.17492938364764,22.999482268790345,26.08319909202329
120.17502756183808,22.999804378227097,91.77328761881085
120.17492201854542,22.999508279542464,47.05322199491821
120.17525968972508,23.000111203411354,139.29787211351197
120.175310969882,22.999936336305883,108.7815894802359
120.17531296373807,22.99953778872281,71.09953247417563
120.17546701089698,22.999734855134736,110.8591448105605
120.17557705840545,22.999539927770904,83.72999174323242
120.17558916743884,22.999602347145494,100.07078115882737
120.17555607475381,22.999758998654293,132.6141947413909
120.17569095512603,22.99983314197593,132.98403217756584
120.17570653045905,22.999911256618834,157.9345731008988
120.17573096311314,22.999812068325827,140.7925273303969
120.1756830607743,22.99955231032868,105.85475696461727
120.17580583215296,22.999298882991813,33.74289646871316
120.1758009736232,22.999402883058846,54.958184888921146
120.17584119117663,22.99935767450855,44.494019756769895
120.17589211809694,22.99927578830104,24.27878961319541
120.17580251579096,22.999444984084803,61.172328731058755
120.17583346920838,22.99930595339829,26.274771251376116
120.17588388211986,22.999354497273316,50.09433017295798
120.1758624170889,22.999484331480996,69.73334899105453
120.17588142644772,22.9994983799612,65.35124953564987
120.17587079708976,22.99945869186602,54.18050101101554
120.17588944891871,22.999605800118495,76.7880829764909
120.17594035358225,22.999293475767168,3.133354241120198
120.17579300833874,22.99931995538958,35.86441120808884
120.17588933423164,22.99934582003195,11.433096034910037
120.17591718279687,22.999441951908217,38.301507514193474
120.17606376431954,22.999333621451502,-14.059870833444737
120.17597578937836,22.99940448734505,8.986898410777583
120.17605682015434,22.99925714104938,6.098852631768504
120.17603835562598,22.99931628103739,23.625793498726036
120.17620529739703,22.999677072980756,99.13968593685486
120.17611727516304,22.99974529974989,114.85552177126654
120.17602971119932,23.000068121314467,170.33318119028496
120.17594195253317,22.999379450119996,57.62870723132857
120.17590288870544,22.999564072398947,87.43464053289223
120.17587299576066,22.999468978000248,77.42396553593315
120.17589732206017,22.999508392841175,77.31766819501885
120.17592365825736,22.999491752046854,78.08073710752217
120.17596092991558,22.99962588966494,103.73207075226003
120.17594513738074,22.999417958400283,64.7237850717025
120.17592050142771,22.999321262914606,43.34092548420773
120.17596291941827,22.99937951444359,61.95438439753991
120.17595860212286,22.99944755243034,67.82099587647168
120.17596742653204,22.99947963815392,69.25007209980159
120.17596215306851,22.99950929786668,69.51349224081284
120.17598832328463,22.999525148777764,77.8020505035252
120.17600034473197,22.99953395630987,84.27659418607367
120.17598869663354,22.99945877324493,71.16938940950682
120.17591295003237,22.999166934150608,20.801690212447678
120.17594438494777,22.999319883576387,43.403983440283696
120.17595185168034,22.99939771429763,55.123989831883485
120.1759327317719,22.999413270819993,54.352062089428834
120.17591897160598,22.999415716128222,51.59908620768867
120.17591753062742,22.999386588301217,52.211944277902624
120.17603813736186,22.999454661801074,26.38441706968689
120.17599874342577,22.999332778079527,24.253212575813986
120.1759863966666,22.999363585098028,25.588486609892733
120.17596511809806,22.99935511890265,30.456942588153957
120.17594357267608,22.999340047649742,29.522445405765723
120.17595324411195,22.999313982996807,23.300331427671782
120.17600521488414,22.999275897748856,23.261706904788056
120.17606368011207,22.99927607770703,20.525006747417084
120.1761280290919,22.99929103278826,21.89920492197933
120.17619741810994,22.999281756850444,19.493884169286996
120.17627956010456,22.999252377386856,14.846783670277906
120.1763567204021,22.999203012388236,5.556337996300511
120.17645724344374,22.999157688910866,1.8450755603626348
120.17652953530282,22.99918340287934,6.56832457796115
120.17666391279168,22.999234794634987,20.70471798595779
120.17677300394745,22.999255141428335,26.104222694027733
120.17689988185707,22.99921721938567,19.26521037532162
120.17693216696435,22.999173694606032,24.512526786221173
120.17710764811343,22.99920089253455,6.116118016352707
120.17719765516263,22.999186620550585,-0.275245852402275
120.17717878275495,22.999162804527334,26.815010238981202
120.17732805762247,22.999163379578444,14.806394399502743
120.17743294978963,22.999146668360652,13.650011640695007
120.17752991574666,22.999096757447738,4.811921690087246
120.17765913548034,22.9990380248545,-0.37808729242101524
120.17773242577111,22.99912777188465,7.882679268472843
120.17787356066142,22.999007641368753,-4.2371999509242695
120.17795331284417,22.999046404780625,4.146518883728517
120.17808102793481,22.999131742166814,34.801189160859295
120.17822426099745,22.999086074423122,39.648059695742525
120.17827502056717,22.999080885082673,33.17792055518483
120.17841587904779,22.999077031335204,36.52223120028178
120.17841967256867,22.99907565759431,9.580381572454447
120.17844698388782,22.999169994411595,12.229820866904863
120.17855694818995,22.999176825944726,30.140565366267026
120.17869336635383,22.999111275497263,25.778512062579665
120.17874944436217,22.999313110700115,54.40067789613053
120.17877610688623,22.999284593017542,39.01834329539668
120.17889493250918,22.999380338789344,54.218976412678174
120.17887973375751,22.999296207131145,43.76573744217764
120.17898991741254,22.99949132425459,52.147413819621256
120.17914666200298,22.99940082011593,89.76016128912265
120.17925281962273,22.999344534050984,82.74285929473648
120.17931800346061,22.999308141612367,65.50095839609733
120.17947329883555,22.999466136125296,84.77487050339401
120.1794397871248,22.99932440483692,67.43143923245101
120.17945316544743,22.999311254269198,76.4831273217121
120.17946634547758,22.999298080623678,83.62279822946735
120.17968375939239,22.999253947027135,45.445206947355814
120.1797890002486,22.999220580345412,39.85238609224064
120.17992530310727,22.999161509859242,28.012570196071987
120.1800486270379,22.99911839098507,17.594659070345095
120.18022154600362,22.998948691334824,-10.798485335082887
120.18044803710826,22.998897418576284,-23.221920314067923
120.1805537247632,22.998834056002174,-39.42282811836367
120.18069639404116,22.99874524016437,-52.3874858346839
120.18079711400925,22.998762003936317,-48.891104533013205
120.18087587519865,22.998819489803587,-35.568212534068444
120.18102604622476,22.99875717710052,-52.34371677049169
120.18106851306587,22.998832668828886,-40.338766703001525
120.18116406096789,22.998741168611694,-39.86510245597342
120.18128564395089,22.998746433504003,-49.243928674369684
120.18137576634003,22.998844922028912,-50.71144007516484
120.18153885284994,22.99863462826544,-48.69093828200359
120.18156090579573,22.998797320934145,-16.827248116703583
120.18171888689182,22.998679223429576,-26.231649857708188
120.1816826313496,22.999199724390436,49.3900166468378
120.18164905211967,22.99928687274619,62.05689565984397
120.18177647475106,22.999196911266928,44.67607968469618
120.18176003930506,22.999207436139123,55.58593514291228
120.18174887520551,22.99926177599023,76.49771186553335
120.18184964030239,22.999303106908688,78.14835209228701
120.18201543122312,22.99925780293393,65.07201386183094
120.1821206264535,22.99926062700508,69.26166343761655
120.18225540324931,22.999156683292725,54.642208338830244
120.18231559032411,22.999201198185244,60.13010460705061
120.18239358273323,22.999204186044356,55.59704437998065
120.18241952410597,22.99928683341583,78.0396169094451
120.18243944478503,22.999337433768837,99.54670322225272
120.18254991993373,22.999340057540653,79.67546419781733
120.18271284972502,22.999364099751908,58.034775447195024
120.18265287769238,22.999322498974575,78.95726914425035
120.18271364660443,22.999290616803556,73.46766540514948
120.18286239755277,22.999268455930032,48.65480400219167
120.18303429859891,22.999305961162765,29.635701634557133
120.18302864446538,22.999251899829684,40.51114141084698
120.18311437087775,22.999230172765976,29.563038664950014
120.18319965555906,22.999202131049117,20.33268359511912
120.18326243722167,22.999194240107137,11.620774628632162
120.18331270967958,22.9992239011481,12.737398212591309
120.18340846216167,22.999197299366575,9.946660498855195
120.18347141081766,22.999131950652632,-1.4292462174750309
120.18356326169989,22.99894095806448,-29.20113207964054
120.18359558694664,22.998978873033423,-16.748373062316695
120.18349268824932,22.999159034974888,-5.161985764069466
120.18362646634061,22.99902179234218,-3.497901961314822
120.1835944641064,22.99909443989438,6.9522537724425275
120.18379005049104,22.998782549305563,-15.448602579162113
120.18377178596515,22.9988441630653,-1.5661402188665847
120.18377794421178,22.998849655810247,4.118818592929527
120.18369854660135,22.99894322214391,0.3171267224083026
120.18369551427338,22.999123701458593,43.61648335625723
120.1837291739697,22.999011049777472,29.769577906878865
120.18379480853108,22.99897140521119,44.82067223546264
120.18372753006626,22.999104703630607,54.902868902910825
120.18370522767904,22.99914467367336,58.506273311033226
120.18365608229912,22.99923126353474,58.82082035920049
120.18375476296421,22.99919693717426,68.16627732542426
120.18376785841647,22.999194404073336,57.07882862410498
120.18387904446764,22.999165513325284,66.9406157427092
120.18380330741618,22.99926876981926,49.275630214320124
120.18391027418778,22.9992421912273,50.25011018545997
120.18405034149055,22.999182129221175,54.19931371029574
120.18413344748146,22.999176274826187,47.8710347750017
120.18425983241099,22.99912083473014,42.20902263501442
120.18440019647912,22.9990249871032,29.462224636889694
120.18449267658774,22.999054723884065,31.88929352903974
120.18458886864549,22.99907452070959,35.391943989481824
120.18468522506713,22.999119965324066,38.71002393429144
120.18476241186455,22.99927003315554,49.80049057766139
120.18485231188168,22.999316574780803,57.144550183162906
120.18495535908951,22.999237673153214,54.32498623537022
120.18501680122502,22.999226151348825,47.15318744645349
120.18511497801245,22.999244785147326,47.84533163765498
120.18519706049005,22.999253727962756,42.72238827861515
120.18526315564527,22.99925234852734,41.76333784558021
120.18535979984547,22.999266516245942,44.77639233858323
120.18542983396253,22.9992897817916,52.58232016493187
120.18551633339814,22.999306188850298,56.60917115973943
120.18560192243977,22.99932418767035,62.86445834672047
120.18561356317032,22.999383796062798,55.6488734570313
120.18576172096586,22.999305840741204,64.16643452192092
120.18591851140434,22.999502069374312,94.41474275173502
120.1860255364719,22.999488879298024,90.93008876423144
120.18612013463265,22.999455050790363,66.70546890733692
120.18620976184485,22.999429498552484,77.897583836527
120.18628125520493,22.99933692498491,59.57894767812757
120.18644068103954,22.999348108905483,45.0637839773236
120.18649912121121,22.999252764425428,31.376092734277833
120.18654507668037,22.99914365486933,17.495511446394502
120.18661604276382,22.99910167303643,10.868895138932139
120.18638289449548,22.9989559980603,78.70242597949755
120.1864537787035,22.998854837914358,64.06119688533929
120.18657168105428,22.99885803218933,61.31287830907228
120.18682022882773,22.9989660842369,35.93073044816194
120.18682337374575,22.998991783392835,74.98221859383959
120.18710946403549,22.99907865168495,53.779442523600615
120.18723276881472,22.998865778799797,-6.980172807211949
120.18732411778807,22.998824010095195,-25.743392952910547
120.1873217854544,22.998874153190755,-12.109353235265347
120.187364836608,22.998881591673513,-11.176367429463955
120.18739463987706,22.99892398217708,-2.7255366780505486
120.18742006982369,22.998964326255624,5.651032266603343
120.187475498739,22.99892393430163,-12.077205889318403
120.18752353288754,22.99901339174218,11.212789125101757
120.18760643855633,22.999049906627235,30.843761454231206
120.18769095937783,22.99904400001893,31.642411687115935
120.18776969504684,22.9990477836013,32.69318422266208
120.18785864978165,22.99903080207298,32.72872068303812
120.18788857580694,22.999060588450174,44.32512996519962
120.1879694237817,22.999094721490714,32.97333624368285
120.18805048036094,22.999119970415162,38.787884838406825
120.1879163279298,22.999091215471843,87.57173524346679
120.18760612118892,22.99899020566825,170.00384896815822
120.18750598029166,22.998928912112344,206.86697946949397
120.18764355158294,22.998951747298683,187.7164777246271
120.18778976294759,22.99896175195297,165.26494840518603
120.18841067310564,22.99908716692058,26.4915663440796
120.18811813325598,22.999006471731818,113.77890322322915
120.18811617450685,22.999042325687114,126.02378238033114
120.1881797497531,22.999027940175857,118.17744605250785
120.18818324690587,22.99902691108306,124.85658577556282
120.18824487193064,22.999080752568673,121.10286859592581
120.18842968718256,22.999077570242335,101.06741412114582
120.18877157656532,22.999117187921655,42.869334440947405
120.18886185755031,22.999156634387962,51.38886434055397
120.18873257333557,22.999119643344955,115.127658617717
120.18874623683362,22.999173482607123,137.47108003194543
120.18874925912928,22.999196400588424,167.50257006367264
120.18898888144781,22.999197059017398,158.44618017488116
120.18902024986002,22.999192742052227,160.56174278086874
120.18914934859212,22.999138957817156,144.58408610552786
120.1891775888436,22.99916408242724,115.88810152747095
120.18918814238066,22.99900724837884,113.05357783983904
120.18943617378119,22.998930987575374,61.91728417451602
120.18950574856015,22.99888436361838,54.49180616676009
120.18950860597124,22.99873708144714,43.5887995047898
120.18954665212351,22.99875151782658,60.45699569560036
120.18966757778205,22.998679889022085,43.28108611842171
120.18968110749661,22.99861357213103,42.531889060020816
120.1895685411463,22.99839563005958,26.639365605428406
120.18963543611686,22.998263345820163,10.400739399203378
120.18959119641607,22.998227532451743,-4.273178159013049
120.19030547452452,22.99788114331397,-152.67431989400802
120.18979367455735,22.999031008991665,186.33709204950762
120.19023064916911,22.998673428528924,28.820129419554124
120.1902452686625,22.99878973370652,35.11552187960612
120.19028897678145,22.998858459433844,43.144281391992486
120.19019862103785,22.999122076316816,16.010145290192277
120.19029467481833,22.999048379957518,-14.444530704771646
120.19043326678296,22.99895533102295,-9.942225435416965
120.19046959102111,22.999040861310423,16.169220929109898
120.19058351914201,22.998947245418982,18.1484983807255
120.190589015779,22.99908105533541,14.984770974412232
120.19067918201009,22.99908149500925,17.959502038351268
120.19067123100098,22.99919228770312,9.967367347412383
120.19073961793717,22.99921831716066,22.652948626203578
120.19069862906115,22.999313087143303,23.460505147952734
120.19080414897998,22.999287865663888,34.45368944055383
120.19089398225539,22.999257327967893,38.234884523096085
120.19084516999594,22.999378378792745,26.68352536652836
120.19081900378991,22.99945492514697,32.26629875217703
120.19078998249319,22.999492403507897,34.87802743177228
120.19078131074565,22.999498650648334,31.951076418655802
120.19081783785265,22.999459242120047,25.878295678514135
120.19075015230474,22.999655235655442,44.60104288957203
120.19069077957971,22.999825937047497,38.81314854807033
120.19077275453316,22.99969492835001,46.099548335493424
120.19083705559191,22.99950264495308,43.040972605188855
120.19089508516825,22.999383846470224,40.21563227931447
120.19083097266926,22.999491296426797,31.130736117314516
120.19098268238629,22.99939506353997,41.839113456943174
120.19097903657254,22.999425909659486,39.106060652619576
120.19097237544095,22.999448182293573,34.600222741110436
120.19110053215934,22.99949263962789,38.48578878348138
120.19115898668238,22.99962326733924,42.99683705618413
120.19113156418899,22.99970073692262,27.225519364332616
120.19124726633616,22.99970526084765,35.94905802791826
120.1914086452874,22.99964848712197,41.468620962845065
120.19148533846874,22.99967811929505,42.06743792246611
120.19144905215799,22.999865066790008,33.53629269100796
120.1915804009369,22.999895331018948,40.24839738881424
120.19161574666587,22.999926202935924,32.11465225736904
120.19172913938539,22.999920796645558,28.44624395292424
120.19179468822682,22.99997235620137,26.65567232768906
120.19190386479731,22.999973870492536,28.364964348781744
120.19201720511437,22.999943253768734,23.322756916380435
120.19207568983494,22.99999261359859,22.167275369223617
120.1921252629416,23.00004550091204,20.223073004026723
120.19215609894154,23.00015850127884,19.462278023461
120.19220574330188,23.00021406541711,18.46521567686539
120.1922693989789,23.000268775160954,20.237380316164987
120.19232041750291,23.000301511789708,18.108382510073213
120.1923717889058,23.000331403426593,14.925248852617012
120.19249163875433,23.00030353741878,11.91249066450032
120.1925427993392,23.00044955640308,17.96178574855364
120.19261552374992,23.000489450566675,24.444607992321966
120.19268578311024,23.00057189112884,25.548652285092864
120.19273811652681,23.00063904940427,22.97517487860525
120.1927592396818,23.000762374189115,20.917592329831187
120.19284505253725,23.000760475000103,16.32024208296099
120.19290190930168,23.000861711996773,18.262967578742828
120.19302677407838,23.001069692256156,21.391188577766677
120.19313093581533,23.00111581311816,22.384380297432813
120.19326274888955,23.001099405194722,29.701540700574043
120.19333823562951,23.001140708857548,29.393512377293
120.19343418965724,23.00122638838146,37.02624382006746
120.19348396037664,23.001352236101397,39.11949433415651
120.19357811262401,23.001344704715,35.101735973569795
120.19362148347201,23.00142342574742,34.24348688536494
120.1936983906212,23.00148716589912,32.96963853795868
120.19377197210059,23.00151818064845,32.52330336855615
120.19385950924533,23.00155211281664,29.344282160096427
120.19392012774256,23.00162984117022,29.305367084439062
120.19398492909083,23.001630495305644,23.442266807331062
120.1940671166044,23.001657610945866,22.40387241332303
120.19424277638102,23.001698417792092,15.824186206225885
120.19436093434018,23.001729157061447,12.785476852715636
120.19437252908031,23.001813842235244,36.37959004773243
120.19436526546455,23.00190867087929,71.38866527565564
120.19437106492592,23.0019816727983,93.17703187234599
120.1946760454622,23.002056973541038,81.91289723567758
120.1948074257972,23.00203512758315,63.38810696132764
120.19491738573458,23.001982038925153,60.05005548594696
120.19498780002722,23.001955387864047,52.225607269411825
120.19502298685163,23.001933481054568,41.58307276394107
120.19507740400154,23.001946607957954,44.22660265509859
120.19509905641505,23.001936917203146,39.709780200786035
120.19515273784499,23.001949246761843,46.42351940429266
120.19524460865041,23.001982381218845,58.65481982904448
120.19534847708074,23.00215907260495,82.74782170762228
120.19534742673281,23.00211793894081,87.3985543774188
120.19545687391175,23.00236024855427,135.79694012776497
120.19554775580414,23.00226737827413,114.19077532389642
120.19559327644433,23.00223818702852,117.28945398123889
120.1956640259904,23.002250799469056,121.36465070321235
120.19571594264899,23.00215394279685,105.82525413625525
120.1957808416693,23.00211724261742,103.51028064589666
120.19586454212327,23.002063472473342,90.30165172663999
120.19593181726076,23.002000179325098,85.3892447622547
120.19595201547766,23.001880979119605,93.85239868008547
120.19597147255712,23.001827796062997,93.08626878831615
120.1959866088822,23.001792935283664,87.14561495148125
120.19602576760721,23.001780848938427,82.43181270078558
120.1960525408659,23.001756532753443,83.32374815289717
120.19609218055385,23.001774022969744,80.69409604266444
120.19611341587883,23.001811881994453,76.03577400933021
120.19612631570196,23.00183032017447,74.92161413619577
120.19615768283491,23.001844982206375,79.31645823968113
120.19618159026116,23.00182779213054,68.24690206035848
120.19619330281795,23.001850037082637,66.92501735524365
120.19626703217956,23.00177324907119,68.65592937352851
120.19628238441732,23.001798506957257,58.2244255165731
120.19634592260317,23.001702277231463,51.229326634413894
120.19638862262231,23.001588309067042,65.7225764034995
120.19639994782976,23.001576527862735,65.94775737894824
120.19646807288358,23.001550430787823,77.3268354885035
120.1966420133698,23.00146801318872,60.02609199431527
120.19677602395072,23.001549070657113,66.89881130133811
120.19687309754899,23.001571350328515,80.50413108799157
120.19701159124729,23.001553389856515,83.45513896994807
120.19703214548089,23.001361787903456,81.3514741693073
120.19750365417067,23.001353009740225,109.07925779468589
120.19759312703647,23.000935266917878,36.21652580703807
120.19763478186076,23.00091084795728,43.59475206609769
120.19768918092974,23.000839709509243,43.80985961703011
120.19776787003443,23.000807580272102,37.11510871008433
120.19779273899157,23.000813432347748,50.755402606793254
120.19789732671985,23.000806450177418,48.27724282873453
120.19797238477662,23.0008796704999,51.39975749571334
120.19809825526404,23.000970446673083,57.6856611679904
120.19816982954114,23.00111051320486,50.11050121099734
120.19826832319085,23.00117251131579,51.77261150480218
120.19832858692662,23.00106054740379,66.94515644377536
120.19836942185064,23.001007521467393,69.33952509870358
120.19838656027281,23.000981640178534,71.1992265637445
120.19849880336561,23.00092683730526,63.98770199680853
120.19872428719391,23.00075964571919,55.40447980577298
120.19829457074563,23.0010152990007,-13.067645386752998
120.19896163455037,23.000606308407864,46.78624708459813
120.19900422288866,23.0005477744348,39.44427190123653
120.19903714024892,23.000453550057973,42.153302763022
120.19906878095654,23.000371549728317,52.19102390382089
120.199117282096,23.000292161823037,54.74160891360472
120.19916951882821,23.000287224286023,52.39326097308033
120.19921936464696,23.00027121804873,54.641013921478574
120.19928717241366,23.000306719356395,41.10186309185924
120.19944229639532,23.00036368824343,57.05420009544346
120.19954703343313,23.000320703525006,63.671275949753124
120.19955233682738,23.00028113740129,86.01764853656167
120.19963786001227,23.000282978839213,77.77133790902303
120.19965738418045,23.0002731664058,109.38629631053739
120.2000298306192,23.000251219210153,51.70011602711475
120.20020427454904,23.00022324656704,65.71736897279126
120.2002386104695,23.00020402662085,76.05493585191243
120.20026974525157,23.000193192699093,84.33821098735805
120.20034928841676,23.000200772003513,68.33411587773516
120.20037997168183,23.000228345308816,83.84076350956194
120.20048658964369,23.00016777615736,105.96414046998733
120.20065303098981,23.000167694504864,86.42421647579727
120.20052549645168,23.000208042032398,141.82558942486938
120.20053217316912,23.000155169063056,158.92655975868047
120.2005488254334,23.000120620882726,153.58061977037673
120.20096914081846,23.00010124698014,54.27439304096019
120.2008869482526,23.000079033108598,85.82970118151765
120.20102989291185,23.000032230549103,65.17080564550179
120.20107579032698,23.00007632475083,69.09328726995913
120.20105005743916,23.000046142190058,87.88966359381247
120.20116055478636,22.999924718193007,55.003472420430676
120.20114868721554,23.00008339532239,60.10744707357326
120.20118074253519,22.999943326475854,60.65694958337674
120.20120134688047,22.999990265775832,63.83824964091744
120.20112233110672,22.999844572475112,33.07210483120382
120.20110996951504,22.999635226937322,12.377573136897256
120.20133607468395,23.000037008556333,63.99555075967403
120.2013581510808,22.999886143955003,93.49150784141548
120.20128808383167,22.999841110163924,66.53036488533542
120.20133611110958,22.99987474052324,64.38516669720507
120.20151489733807,23.000205510844424,79.72447859352738
120.20157826659698,23.000586330487756,112.58399282555219
120.20139209139018,22.99951371015799,28.505435752502976
120.20123201903698,22.999763845903864,32.877593970553484
120.20123289876601,22.99979196362916,45.95483224243137
120.20117426368331,22.999727936363072,70.11438299584626
120.20119597374676,22.99977992430252,69.7709345420773
120.20116652179475,22.99983213860592,68.33582343074089
120.20110128955658,23.000003356877734,79.14579947736547
120.20105233148422,23.000160038436967,94.3514168824571
120.20110302559003,23.00015879893246,97.1271566871883
120.20115055911126,22.99990983087874,53.741522631105894
120.20124937695834,23.000051725466076,43.8570600683919
120.20130012163892,23.00003651347393,13.702303713502243
120.20092267647293,22.999691453022,132.85990700304308
120.20063830405007,22.999851080133972,195.67612258911146
120.20130848727017,23.000031467522785,22.801407110345835
120.2012692945525,23.000166171564967,32.371056062408215
120.20137876843322,22.99970316252459,0.6307388138777992
120.20133610047709,22.999915331534346,47.71158071582015
120.20130792897548,23.000000426457344,70.45193550201789
120.20127859144775,23.000048440947236,88.85209813290531
120.20138434161812,22.999882266726125,52.36986888374702
120.20133546369242,23.000064601351706,94.03980109993093
120.20130245881947,23.000186809552297,134.664068835382
120.20138211261599,22.999817611890382,70.91306143878097
120.20148006792311,22.99956135842414,49.02704244025359
120.20154576020603,22.99950195141804,64.43701061209167
120.20202197640621,22.9988717058749,2.889346516412069
120.20191720401847,22.999662877129737,14.95178142191339
120.20157803293313,22.999458233209264,133.54824366489774
120.20211092986077,22.999414967137106,31.74382032911611
120.20200403367845,22.999483161768786,69.27989532381272
120.2020680969388,22.99951744109777,84.92671613062107
120.2022024279386,22.999426396736382,72.25802137362749
120.20230838989413,22.999544608483497,71.61730381239683
120.20248123923574,22.99933151258035,42.58798379854043
120.20240448496679,22.999452799535117,74.90032771946801
120.20242711998891,22.99941479934765,91.15070644409037
120.20241951612768,22.999551580900704,118.50430155183474
120.20245482754505,22.99944923503932,104.19396750077028
120.20252176760187,22.999589696445394,117.78587504086211
120.20258219862323,22.99946214734692,100.8475090151961
120.20282920923869,22.999438209966673,74.35008405468967
120.20277456205447,22.999397620533244,86.78463961682797
120.20286268751141,22.99931726941172,69.59250856787081
120.20294617422732,22.999382257245173,77.09453246919966
120.20299504919245,22.99931907373223,72.25614339383282
120.20307330020297,22.999257691738297,79.33299662026698
120.20312160499898,22.99922900360331,81.46242768298903
120.20319509834843,22.99926516347503,84.02650882097808
120.20330230476186,22.99922501417911,80.06747770105896
120.20335355215308,22.999216821247497,87.63760754438827
120.20337169641267,22.99919765227907,98.51032410436603
120.20346600679338,22.99915491619141,92.09110332309824
120.20345696731299,22.99909389775165,120.3567552101396
120.203557083211,22.99905241641526,117.97468828324186
120.2038010170471,22.999040223299975,80.10072996623514
120.20376777677834,22.99903502386741,105.21724380200475
120.20386499241899,22.99898012202549,94.86125629999604
120.2040409426154,22.998909316331435,75.5880666441645
120.20408315852474,22.99885955747952,87.88189037846544
120.20421513359022,22.99886107584817,57.67662099769758
120.20431058029791,22.998853662026637,52.48915808150232
120.20439716562267,22.99884289020093,61.659561179908714
120.20463081484793,22.998730066153865,70.58311443300535
120.20460797039021,22.998820384237742,49.25273032807482
120.20466120016236,22.998868220685733,58.60766245405339
120.20472924475794,22.998792461174048,66.29223315704203
120.20477189364566,22.998760108894533,93.2467480497901
120.2047433382841,22.99871024797123,100.21530944104633
120.2046646716574,22.998677011678975,118.44867860018589
120.20468868200203,22.99859619697244,116.91745478265133
120.2046365500609,22.998597805046956,133.05337180748108
120.20467279549197,22.998653052575694,128.6318465261607
120.20471718683996,22.998642207600838,119.32298422819764
120.2045835584778,22.998609389142107,163.3140550620644
120.20478520556166,22.998613888065105,118.62531001274664
120.20473898138702,22.998564388874115,116.97072160213594
120.20475849570592,22.998642795475362,135.54655012789192
120.20495368732537,22.99867243795497,107.61488376290778
120.20467446121388,22.99868539175302,143.05292862967227
120.20463825815965,22.998659961794207,167.07311018045004
120.20473679527836,22.998806433863763,162.0092688755461
120.20478805271425,22.9988270305119,156.1862906283419
120.20460166157416,22.998825853346066,212.29974829472636
120.20449105146385,22.99881589210024,248.16078769970147
120.2046412281618,22.998837826205097,224.9840722438825
120.20472193111452,22.998826766887735,204.49255696644278
120.2047393748325,22.998771502126214,187.6435446288181
120.20458661183544,22.99869118568909,228.12418558035577
120.20466587253186,22.99869325216151,202.36688251856586
120.20464523690404,22.99873050942022,207.58816705109766
120.20459538072221,22.998719897573057,202.16260649223403
120.20459261603145,22.998782613939117,208.71887098204664
120.20462874043407,22.99881102009685,169.34666487171052
120.20477335121154,22.998647479707426,121.582402132853
120.20483558965539,22.998615345734066,87.09785885461916
120.20488263789537,22.998588077846396,77.4740551318622
120.20471695777191,22.998562283237767,45.60596491769523
120.20476113221987,22.99844778778947,24.945981803923534
120.20484356511452,22.998286037488302,34.63149803517715
120.20478230142494,22.998367874942804,63.61620323824861
120.20463813704441,22.998466109008984,111.3104886376218
120.20472613938313,22.998524726543227,120.39116483950423
120.20494862552475,22.9986170696288,99.85404508268617
120.20503312723056,22.998835542312435,128.58527473736982
120.2049090913432,22.99876585171886,146.09867698948273
120.20475527760898,22.998691050112047,148.26702044317886
120.20487566637584,22.998646596478842,116.06513438398822
120.2048801312619,22.998681160150127,123.16774525410213
120.20488690104436,22.99870762350431,123.53276965583728
120.20497225534287,22.998697635367883,106.54577100861934
120.20480676983028,22.998763708292675,188.68416382452295
120.20459703863345,22.998780886794762,231.78445195517287
120.20475308953526,22.998899245786227,237.704615174758
120.20483986370826,22.998958672227513,231.03400806216519
120.20471668156713,22.998991024003523,223.11920177753285
120.20476850809756,22.998895747423866,219.57029557961903
120.20483829393838,22.99880825282714,213.0932678664258
120.20515025713402,22.998874685578706,103.28468418606279
120.20467721272237,22.998746177933228,197.62916406455486
120.20473758717777,22.99871646405695,181.48195138923418
120.20466555364038,22.998658509718155,190.5390674274426
120.20493179329596,22.998563511779242,114.88675546197938
120.20510090807772,22.998527711842915,72.46811418517925
120.20533641527163,22.99854790355408,54.835477183999586
120.2055799922839,22.998474237805194,46.2409922534091
120.2058014292338,22.99829652592055,6.199353156521881
120.20583740847387,22.99827819845833,27.903410662888202
120.20587602926956,22.998285344574825,41.39507289453507
120.2060438732249,22.998292680435608,45.9358427909563
120.20621711912528,22.998133884135612,18.978819066232766
120.20625282376047,22.998278108239038,36.56408218297715
120.2063368161234,22.998283183669805,42.93084163059385
120.2064413206946,22.99827454988416,49.44277317991564
120.20646400909447,22.99829785858017,54.09488616422084
120.20658129310725,22.998212122636176,100.63144038312355
120.20650948050069,22.998208730762137,125.17147365166288
120.2065883744436,22.998229844680267,111.81859680391726
120.2065980128306,22.998219568913004,110.21434816537223
120.20671951314498,22.99825342382207,102.18779437112954
120.20684829627398,22.99832019243536,91.20359992680983
120.20705876245209,22.998307180176894,68.77106860797049
120.20708877705515,22.99820880930028,81.6672191566186
120.2072282192433,22.99811469673315,55.26465424619107
120.20712670627333,22.99825610484399,91.35905051434327
120.20736636252352,22.99820207944487,99.8606700024965
120.20753978898458,22.998187168211793,71.21996162393013
120.207630610721,22.998105056692715,66.32932062544009
120.20767845020052,22.99802385239482,60.431975755746
120.20743705413749,22.99790914493541,145.8352847354172
120.20761800085201,22.997877686958752,137.3929332286976
120.20797447390032,22.997915118477735,89.43325426092352
120.20814912182668,22.997893829213517,74.56024357993405
120.20839449223986,22.997831021357204,79.43003107405463
120.20843840926356,22.99786321523351,68.21995007955442
120.20847088819741,22.997830347746394,32.49752764205238
120.2085777505544,22.997812199812135,50.871552854475695
120.20862101546857,22.99783973854847,83.9513511543363
120.20850951707361,22.997914527515476,85.01471050369074
120.2086297971379,22.998002632617627,65.60834897102544
120.20869835419683,22.99789843604523,84.6939604524671
120.20878934348035,22.99784892477871,54.03788341948332
120.20872533447128,22.998038231794165,73.59792139408084
120.20880042890303,22.998028052774362,81.85499074285353
120.20882089393318,22.998128515042023,103.68268568253701
120.20884147638348,22.99796192494702,81.06606794580736
120.20880356584752,22.99788719902548,58.508651805550265
120.2088790834784,22.99796332653408,76.60828744934129
120.20886696074953,22.998076758593452,76.80858920452994
120.20876691399586,22.997992052585165,27.032294400130827
120.20882023450945,22.998089051517887,59.594743730907865
120.20891872701522,22.998100877425433,88.25093901776044
120.20891519486194,22.997882024177766,68.76841259881247
120.20891555362482,22.997955337695743,69.1034468637398
120.20895246158503,22.998062170129483,69.27524589860224
120.20894492489212,22.99800631250998,49.435670846982866
120.20895014161471,22.998075909671368,59.16815944620146
120.2090801702879,22.998209830039638,103.17669604136651
120.20906228795567,22.997949919725148,100.11514004401299
120.20914634554777,22.99810876054528,123.81693848041101
120.20915812966419,22.998202858824083,125.45251607024888
120.20928037855303,22.998162083990145,152.8783034487217
120.20944744375059,22.998105134073022,125.75858436708235
120.20975941629403,22.99791257131018,71.29837503156094
120.20971140833127,22.997969274603907,114.93362844404552
120.20980409923982,22.997886734325256,116.83126251959992
120.20993287734386,22.997849127989547,72.92972699875142
120.209947818025,22.997922848830584,99.22047245826339
120.20996922708387,22.997891280619964,116.89868074144208
120.21002597140274,22.99777624957667,106.97056968853617
120.21036089631832,22.99775832944337,36.37229388598746
120.210060104913,22.99770021968129,151.86995757255244
120.21026156521725,22.99766420611654,127.1453793605129
120.21020812137847,22.997633263277603,144.26440800557782
120.21030575510053,22.997647639447262,149.1822408586534
120.2108173821967,22.997691016795496,37.38588228023835
120.21081741175817,22.99756187923317,46.224271215510676
120.21050088316626,22.997574546055166,147.06419066021385
120.21051021616282,22.997568071819206,156.50650094612936
120.2104441703126,22.997530283046707,189.78365924870494
120.21055000523447,22.997532416845413,185.8229914040852
120.21076946096187,22.99753479800975,159.14720467094494
120.21122645218666,22.997514608327066,82.71324368908137
120.21131584850836,22.997477835188988,74.03172362882023
120.21135170248559,22.99744851440261,61.04982315668647
120.21131067728432,22.997214168855063,13.88153093572326
120.21156354865727,22.99732771304768,58.49749904899646
120.21156420602705,22.99729344189434,52.41605369207949
120.2115694176039,22.997226385630782,52.7839518584774
120.2116834376905,22.996950199533995,30.263619323703313
120.2116085853646,22.996930922370197,32.79441838836888
120.21155201086957,22.997070747491538,59.2882252761781
120.21151950029262,22.99726912344838,92.23196720596597
120.21158167400941,22.997199315936857,86.15733769449349
120.21159844758624,22.99717448020276,81.94029054578876
120.2116457929376,22.99725490616233,92.0717439345769
120.21170261888005,22.99724440772802,95.28443511163758
120.21172711921434,22.997269513897276,95.33978703061804
120.211725899822,22.997303187919705,105.20881888327021
120.21177615134525,22.997372993064335,116.21385045687721
120.2118020350785,22.997217721215673,97.21967622239066
120.21189515399405,22.997113457986583,82.78932037124667
120.21192660109394,22.99733308275278,107.73375512350516
120.2118643757497,22.99722060711213,91.14811160372983
120.21187123522733,22.99721089141636,111.10359585612515
120.21192627682055,22.997211174917638,105.58063630542698
120.21193507179868,22.997191633553488,93.7263324013957
120.21188260984687,22.997350168412975,108.08192327764122
120.212012410003,22.99735477631217,127.61366844673009
120.21198340128747,22.9971149207641,88.86151584041706
120.21191587562922,22.996936762102028,61.25357858854565
120.21196496163606,22.9973779444338,131.9634465863524
120.21184298612626,22.997038432593296,69.80114186952318
120.21185938665836,22.99700477478857,62.35224013072829
120.21191709037876,22.99720725912757,103.46607158070961
120.2118873238455,22.99713874357727,98.37760044992727
120.211929923017,22.997189840050087,108.91789275206692
120.21200153946334,22.99719594229446,114.3337225109377
120.21217847508838,22.9975847277927,183.4482142680534
120.21219321279553,22.99771466743148,201.06203145859894
120.2121905300054,22.997795136415814,210.02275615743048
120.21232495963203,22.9977858246335,214.34790563327374
120.21220482989528,22.997670510835224,196.0741609419984
120.21202469890957,22.997996102081906,243.1766133861898
120.21200869946341,22.997571470042846,179.56636992830258
120.2120130690294,22.9972162328345,124.40276594665667
120.21194219270632,22.997419682185427,148.83189305594954
120.2120513639825,22.997612325044148,180.96679481340638
120.21198241437263,22.997263874190555,116.91335823522019
120.21186269038836,22.997244123105396,99.75179813046579
120.2119011390623,22.997304893880116,109.87873198091636
120.21178195348703,22.997501971991838,100.21577059788152
120.21179467049933,22.997647076651646,124.27947812150336
120.21202924708064,22.997283283266164,125.07866072586583
120.21183525436123,22.997222252545775,76.13221484832295
120.21218276898666,22.9973300301466,152.12432353232342
120.21217614776725,22.997209577265412,138.60188692316382
120.21198317832504,22.997254491168047,101.20696336866413
120.21193548637831,22.99720175755169,77.92277707233056
120.21192574336445,22.997213284075002,80.21624189100875
120.21186842491808,22.997263975487513,82.39850785026385
120.21190889896333,22.99726528807163,94.70348000306426
120.21194630443757,22.997171807615324,92.32321091498042
120.21189168274543,22.997265648133357,93.07759540944645
120.21199389158622,22.997355806380625,120.87780272807545
120.21189180783149,22.997237389115213,90.53782770378723
120.21190599525792,22.99714033381945,82.89584968474405
120.21197026452735,22.99711738732742,84.69523444070454
120.21197073643617,22.99697664036829,57.04656599285826
120.21205914125446,22.997083270944195,82.17585090119746
120.21211480057488,22.996975596201892,69.02784321253063
120.21213105761477,22.996868089893038,53.38170600425222
120.21219230413595,22.996878475894935,59.97231632348194
120.21227195340282,22.99669872247833,37.92085217452572
120.21232431780926,22.996807452239658,60.99748076441302
120.21235732758785,22.99691973398326,73.20852708575262
120.21238108461566,22.996953455772708,77.95759080753697
120.21243224362263,22.996926391883765,61.46958990305115
120.21236700426358,22.997015612247978,69.43207269283576
120.2123493797021,22.997170335094086,65.02781189026015
120.21239369700886,22.997129555356096,52.96608860894961
120.21237759422489,22.99714677031478,43.82305573516471
120.21241763151048,22.997375285003727,80.93562700784575
120.21247410055354,22.997391073667213,84.22827640669284
120.21250921358994,22.997433731388952,61.138720972444794
120.21253572613983,22.99758463079685,82.39977063733645
120.2126190521498,22.99735126674707,44.63658093632263
120.21246673136665,22.9974554705034,55.57215093349747
120.21246030833424,22.997382764605582,58.89498638832056
120.21237065609903,22.9976281756408,79.6206821613299
120.21249659568028,22.99761534637505,51.101439697479904
120.2126015542443,22.997653597300193,49.170618907085306
120.2126082352995,22.997899684218467,66.44658583442263
120.21269334543192,22.998029185456904,63.87631811960325
120.21279425174752,22.99795125720882,60.33438811830379
120.21268190714362,22.998143755051167,82.60284544082542
120.21271137840847,22.99824149274961,111.51236013222372
120.21264705590313,22.998354482980815,108.42149906753154
120.21250062193245,22.998387287661977,98.72528395046645
120.21252089056296,22.9984200119242,93.30213931625231
120.21253652280646,22.998526265902505,89.81756930617532
120.2126121496787,22.998546902416997,70.90494505065664
120.2126799168427,22.99861683664389,46.861569603069384
120.21279729816408,22.998739463901664,39.76200500986012
120.21277001092855,22.998900265917595,55.210520171993856
120.21279258668136,22.999032151463854,52.22011597057714
120.21280751687827,22.99905898724144,44.47378379800015
120.21278580312132,22.99914746869799,56.2302078007813
120.21275135583706,22.999251903240722,69.66992979893513
120.21275930607389,22.999315029686212,68.07414801844155
120.21275422110487,22.99943101900916,78.99917576444503
120.2127573535907,22.999477085073586,82.97870347079866
120.2127851368151,22.99944049453935,79.29939958618492
120.21282034867811,22.99959429673552,60.83707983755771
120.21274624679452,22.99978502883931,76.55553908266536
120.21282877624039,22.99974573321481,60.19745971538441
120.21289311316445,22.999663701002532,39.75900805629879
120.21287017724381,22.999815137419237,53.57841082913605
120.21289220273587,22.99990504854878,59.94752023062654
120.2128991302003,22.999964538653106,58.06424033149862
120.21285263186785,23.00016513088699,64.911474074096
120.21284129614666,23.000264269840095,73.74293701188653
120.21293424320957,23.000152809568586,54.25144382895438
120.21306133655716,22.999968713167743,20.03387839348953
120.21309429094822,23.000028334616918,20.153894532239217
120.21302378073078,23.0001603281125,45.24295856864074
120.21290819128693,23.000471174363412,82.6910142341673
120.2129490884984,23.00053366053381,73.77900873828453
120.21297467865276,23.000604930562968,74.85923263337482
120.21302070841232,23.000650750938203,67.37407082303861
120.21303157814226,23.00070302716601,85.46424475933058
120.21316337820058,23.00065318505628,62.685883883447936
120.21322370639545,23.000631810349255,56.44844786153429
120.21319750431745,23.00071383360735,53.015613471024636
120.21317360908107,23.00085589014739,60.6750991905951
120.21319222401817,23.00089673030598,55.50021186210489
120.21318586917349,23.00090193410981,55.631468612479985
120.21308450907719,23.001012058744102,88.40952134338973
120.21301920283253,23.000962113256808,99.95623875559411
120.2128247449927,23.00113294646698,125.74160078478276
120.21277753297274,23.00117957515712,148.051303912655
120.21300565377146,23.001264557031398,72.50294075086295
120.21315255351826,23.001254158732703,47.66495569936393
120.21315420566783,23.001306239741353,42.97197245311877
120.21319785397102,23.001319889072455,47.3378015308818
120.213269039246,23.001226496295306,36.116275089976305
120.21325885429268,23.001303162715622,42.447061746665455
120.21332584507277,23.001204448420804,31.21408972787254
120.21337054658184,23.00113018459542,25.01021335063512
120.21342375765025,23.001015700357257,14.39621178757648
120.2133912645016,23.0011008202814,28.39515037134408
120.21338947307926,23.001080203312,20.475105217593377
120.21338078149998,23.001109533478164,18.878721972398857
120.21343440173808,23.00099345655302,3.367470023186489
120.21340996502083,23.00112118787679,19.56822912005055
120.21348350124505,23.00094211138546,-6.500606289545724
120.21340755512308,23.001062160810353,2.6167466224295177
120.21338584088709,23.00119319049812,19.60295362721318
120.21338249258669,23.00125707152709,22.06833228592448
120.21337666388,23.001341939071864,32.79342060710376
120.21337239753005,23.00136924717652,31.203328434593246
120.21335614403866,23.001430561639808,34.4376088885545
120.21333692238488,23.00154909424351,43.84342499758008
120.21335184156328,23.001577767147367,44.40496024312836
120.21336390135906,23.00163144371701,48.38002739392267
120.21337159528755,23.001757560841,62.385286064808895
120.21341042350547,23.001739066828,61.001832157971265
120.21342946979199,23.001726655457624,60.60186844283854
120.21350203980585,23.001666516247276,59.39613528148863
120.21352258567495,23.001654485247087,56.73831153346
120.21354890428618,23.001627732879864,54.567113713349045
120.21358904743664,23.00161369725998,54.69074613708502
120.21362896017311,23.00161397253339,55.4506064718783
120.21368533684621,23.00158216548245,52.17335954448435
120.21376953083298,23.001544281148405,45.61404364033513
120.21382687591813,23.00154008111518,48.013118399673985
120.21387798024267,23.001540462321323,47.31908347882092
120.21394334083503,23.001488696520564,62.3808969274456
120.21393189802575,23.001520018352153,44.44689742103733
120.2139436391488,23.001533006693517,-1.402308689986158
120.21415341527832,23.00164990228415,-5.515413301365885
120.21439134075403,23.00117278062016,-46.64825748686752
120.21434236233989,23.001379601697817,48.70389346435095
120.21430302774263,23.001521559958867,46.31310029609007
120.21435431300247,23.001469047855803,42.60206836308309
120.21437213659041,23.00145982694747,42.04405026157806
120.21442411740523,23.00150020433514,46.00446232046127
120.21447004723159,23.001450767010077,37.89992107042687
120.21451147993135,23.00137577811829,31.8404581609871
120.21456734558048,23.001450614234095,45.3599327692824
120.21461021658403,23.001446687811704,44.987992204761994
120.21465711973703,23.00149397008861,51.52247825332542
120.21467692631789,23.001408110711346,38.894974063452736
120.21470353446296,23.001381976912292,40.71938917358348
120.21474004176271,23.001476656687363,58.04273985823016
120.21470752774212,23.00137470052992,38.829792062233345
120.2146847754083,23.001404889813927,47.09102048087366
120.2147065111136,23.00137198649124,45.946609331893725
120.2147113080507,23.001398966120625,55.7622455186262
120.21460424606528,23.00135523612606,47.45032348421516
120.21471952860038,23.00145014380063,78.37948249231398
120.21466301407077,23.001557468761902,85.8789049550486
120.21455861215404,23.001617735308134,118.06802319501736
120.21472369288608,23.00156445371204,99.34136074745099
120.21475683823557,23.001505379374322,88.46504692613301
120.21473574315652,23.00133477951134,42.3121802997897
120.21478040222375,23.001363891138414,18.35120492056922
120.21475298018461,23.00143268093226,26.91064618989688
120.21472713187877,23.00142939199574,28.17349172740916
120.2147956434218,23.001381335134035,-0.01630723726025355
120.21475720510446,23.001417327117156,37.44301374895256
120.21461860312442,23.001436383510583,98.36471595152608
120.21466863597942,23.001535659427482,51.798788087277835
120.21470516199619,23.001527030358535,60.00312076725161
120.21475513071286,23.00151534901143,49.479355715010335
120.21476058838633,23.00150396079703,58.67628099786718
120.21477840710587,23.00147807171628,70.16735827822559
120.21477037476248,23.001470446447918,65.17039512589032
120.21482434204647,23.001411711829522,43.037577030630025
120.21473197235498,23.001462453943027,44.83084585416837
120.21477521373157,23.001402386741912,23.84651441919337
120.21461676298294,23.001354303660676,57.22506634390634
120.21464717368418,23.001294268692785,38.29220930485245
120.21468554398274,23.00123423019941,33.625587498530614
120.2146504039728,23.001320085778055,75.22066706177814
120.21471315936643,23.00135969386484,45.767667266867505
120.21460880975702,23.001423824083957,68.96165450893321
120.21447919951802,23.001398683516868,75.75857125112226
120.21449923505632,23.001276286980485,57.267880270085534
120.214632306178,23.001553049694152,95.89381219309601
120.21461236046743,23.001396942649897,74.84493054496075
120.21461004854044,23.00132703841071,68.7159389837659
120.21455124675086,23.00147370982222,111.83430240696664
120.21464715391039,23.0014095201891,79.873823179351
120.21457447350471,23.001513389888068,81.42993293818867
120.21460774073954,23.001488718467638,86.38964208558617
120.21467051095223,23.001398806437038,58.8829469311454
120.21476907806074,23.00159412918993,90.84831251930083
120.21476956184307,23.001571420093725,70.33028919917872
120.21478230491437,23.001511361312986,52.66055783954691
120.21469346050637,23.001529700501692,59.461562876114215
120.21467916958814,23.001421291240373,43.75657988867914
120.21470155871246,23.001360512261506,37.30027378377401
120.21468373418219,23.001501955747496,53.269252559643675
120.21471553821031,23.001420215984727,34.623925802457386
120.21475554069647,23.001331747374053,16.926710372118205
120.21472386176201,23.001107403182438,-19.943220576777506
120.21474757387884,23.001137095338827,-6.897811537472345
120.21473070308897,23.00111313479221,-12.13221492780145
120.21476901047009,23.001175342419135,-6.416587745302825
120.2148172577563,23.001346685924467,27.708427026915768
120.21483995072472,23.00127488491448,24.332544386314094
120.21482426566324,23.001274484679325,22.057882211439182
120.2148429321003,23.001307436436058,17.2062758328741
120.21484403040039,23.0013632464328,12.783050858841523
120.21491394473314,23.001331416124312,11.467665336614926
120.21492840820231,23.001347201935104,13.916891129320822
120.21497808689219,23.001345040137558,31.51552965398124
120.21503980090088,23.00131497223735,36.67882456047305
120.21509239606105,23.00128603363151,33.5711953399842
120.21518056624174,23.001207592857483,26.481844469606237
120.21520574802051,23.001287166814553,39.09275855845309
120.21528794598166,23.001228611777886,23.74583009181846
120.21534708865815,23.00122763698263,13.08873718123065
120.21542419905813,23.001204664448657,16.509972179706914
120.2155112195953,23.00114548192232,10.55029398220232
120.21555198766688,23.00119528449481,19.095448991585744
120.21563460793935,23.001119921193258,6.041413385637986
120.2156507204241,23.001261526254154,31.21576709174405
120.2157156209135,23.001265801777347,31.61696725321764
120.21576545092287,23.001226751528325,28.00398974010654
120.2158525819959,23.00114225412066,15.566715798445243
120.21592926066978,23.001123831600903,22.324232048150808
120.21604993525119,23.000983290655462,0.0023494228649505343
120.21602967925651,23.00103587961943,33.14648452284387
120.21620418324403,23.000845138218576,-15.334691357099556
120.21627547440883,23.001023267575302,0.5858622974132394
120.21636165103958,23.0009962074514,6.685718999052639
120.21639475715709,23.0011691581964,28.00537045648857
120.21641519211553,23.001201160702436,45.804432823747824
120.21650945855117,23.001146085204066,39.913846909633904
120.21652870251793,23.001206849432855,46.90718290022057
120.21661540691227,23.001208623701807,54.23422333762556
120.21666513595805,23.001202923515855,59.336277591355675
120.21675845060997,23.001215961176428,61.05736643980865
120.2167885169147,23.00120418659982,65.31595643601194
120.21696329095275,23.001182214703633,65.50210907106906
120.21707714982239,23.001218696431067,60.394564440728345
120.21721266629203,23.00124089433468,59.89692319353332
120.21719760897435,23.00127558217284,101.26873453837446
120.21728642030178,23.001272951099256,97.78899907002042
120.21727379169211,23.001262712322468,107.48924953235574
120.21729016529676,23.0012441582487,106.32521464754475
120.21743440844759,23.001201368467626,66.83747609669445
120.21745303077566,23.001169747079054,76.09820568284704
120.21742539621312,23.001161356423,107.56764038168635
120.21737272917986,23.001134964635085,136.21573103602472
120.21759409145803,23.00110642401976,85.16131561322103
120.21780861981014,23.001109350647866,37.54071822838058
120.21783489291539,23.001120111159377,42.81189046319427
120.21796819380293,23.001083604206876,43.58233201761578
120.21800427928355,23.00104256251706,37.935449225646266
120.21807019043669,23.00106042552164,43.130124650932295
120.21810657178428,23.001008162596857,47.80786863054322
120.2181410807149,23.001081910790976,75.89678303399621
120.2182681592903,23.001065117881122,57.764599834795455
120.2183423464294,23.0010845199536,61.95394331835586
120.21834377443706,23.001196264498354,116.04746923244087
120.21843206014879,23.001101420601334,85.74394281297091
120.21846452700761,23.000997592470632,60.45100618722515
120.21848758204538,23.001006637882522,81.28692747274306
120.2186103230232,23.000908888566475,43.28524721675157
120.21844871579282,23.000876830165407,79.6538375804945
120.21856614795347,23.000867495266395,87.01050300865525
120.21857589025655,23.000900370931266,71.91535298568151
120.2186182612285,23.000905210257795,74.14575929910312
120.21865613329334,23.00085089255058,42.46467350219471
120.21866772861488,23.001064523603727,67.96029789585606
120.21870062019875,23.000994212449257,76.99044437457816
120.21866605916047,23.00091481206196,72.19070436640253
120.21861358329417,23.000857644132154,61.38206417707342
120.21861030059499,23.000860906772555,63.900440938008316
120.21864451798537,23.00085172771718,55.93798741880502
120.2185948825149,23.000879850301363,60.596814097766085
120.21856341578332,23.000963657902577,78.3221445461629
120.218548349372,23.00083213161054,37.93889152285485
120.21851558081487,23.000899226993948,76.79557039783558
120.2185911968142,23.000959100633324,78.30973461354239
120.21851177371938,23.00083581221267,103.56904279432828
120.21844977297356,23.000985053752963,133.98522835945442
120.21860741053949,23.00116027097086,146.52665209328225
120.21886987258699,23.001315454690488,115.76442103277452
120.21868611388915,23.001361285673664,148.07895856413683
120.218570519881,23.001004325415334,99.2077814679473
120.21882709708397,23.000761360070953,-5.97236781275084
120.21871849405068,23.000741712793275,19.61082535985126
120.21865724981787,23.000823395290638,27.70722332956776
120.2185033952512,23.000893305059762,54.96989219907684
120.21841917115843,23.00093988504547,77.97296988110547
120.21839198747992,23.000967204122496,103.92665078830153
120.21845307070753,23.001104468820543,107.9360490261459
120.21855746797111,23.00116112889781,142.48075154676084
120.2185796267647,23.000900583713484,51.74666723997245
120.21866190954177,23.000920331532694,25.092242731629774
120.21849696145803,23.001065906771142,43.620942556308385
120.21860943397853,23.001024903990178,31.548207880748826
120.21857893434584,23.001014522935414,72.63717855679312
120.2185447124246,23.0010393179164,79.43452667235375
120.21849393258314,23.001029163322652,93.80736863207547
120.21852459673116,23.00115206060213,97.4149419831184
120.21860799592919,23.001336424364933,110.30144157936219
120.21852982443859,23.001355795253016,139.09038958676769
120.2185496181626,23.00130346634446,108.72520868026204
120.21850805995302,23.00134558470051,128.06982703064944
120.21849431667317,23.001079818786746,76.73854922915629
120.21844865944023,23.001069831628016,85.43077939928953
120.21834747394021,23.00115086954246,122.16167048797404
120.21832065591987,23.001146034120847,123.61872026107254
120.21835889703247,23.001152092555753,115.57550850126755
120.21851247966814,23.000969504723276,24.3749637243096
120.21838400276266,23.00111128658949,102.4484937147632
120.21843793266001,23.00105558747322,82.07257366135579
120.21833281536986,23.001087457975178,115.52155920829489
120.21836364578056,23.001073690315568,86.66211005868736
120.21841361344386,23.0013912610953,160.73751704320807
120.21841261996688,23.001299813222573,156.62008493575127
120.21869535039471,23.00127313249914,78.66856183816489
120.21863031957066,23.00118719683776,84.76924689491709
120.21862425458372,23.001056941357707,104.10925196338974
120.21866759322576,23.001052895730467,87.82502294028612
120.21860868539574,23.0010488584542,99.1289066022545
120.21862726356265,23.001114354663724,88.64360051395897
120.21854303137515,23.001019857302165,80.51483863510715
120.21852293692007,23.001084756766975,93.4714657284643
120.21863461810791,23.001095353194554,83.50915071531385
120.2186127015165,23.001132832584744,98.21074741687205
120.21860503544848,23.00104929244645,102.73382427699937
120.21868117900857,23.00106757957571,94.39579536497837
120.21870366855335,23.001086050163064,94.14785369428905
120.21871055567111,23.001107415888455,118.21005803510647
120.21872747487492,23.000864504344005,92.6102268987567
120.21876648751262,23.00074689649048,78.85201814950564
120.21864817128348,23.00049930318437,90.6023632655039
120.21860853113232,23.000407493400154,92.13249264027917
120.2187255346186,23.000079955514305,50.00089277084372
120.21875156813813,23.000055062728336,55.04017083562522
120.21865803692745,22.999836485547455,56.09340264200312
120.21865576415662,22.999888782271952,60.38853995503556
120.21878138371135,22.99978173990901,44.9728357747135
120.21866650425902,22.999887255438306,45.77267467081575
120.21829887778092,22.999892768971417,173.29935844005456
120.218650451775,22.999557358255448,52.75822094500518
120.21845492502518,22.99954250963652,92.57583932839404
120.2184460946129,22.99949768262932,98.92291585126006
120.2187613071817,22.999069486261703,30.668583609213638
120.218513868247,22.999328587492364,79.51732974442659
120.2185037622012,22.99939660648946,66.41303962976966
120.21840390076612,22.99944434314298,84.45357633894233
120.21832761410263,22.99932634947454,116.73644944708994
120.21839177789553,22.999148794829942,106.29283189714022
120.21856255080253,22.999067091977526,50.17891000618863
120.21853641813532,22.999039213425856,47.322251697120954
120.2185119355515,22.999042141568776,47.82203593651657
120.2185312218553,22.998964611285157,40.036866675467174
120.21852112715403,22.998848539184706,47.45081943540481
120.2185278143193,22.998817579220173,47.295154357431294
120.21856581232727,22.998846737876267,51.78865282702812
120.21863161125034,22.99878814884378,39.646143783471224
120.21861443491503,22.998710900521576,40.03146606302539
120.21850205329771,22.998742466174317,66.41223761029845
120.21849703204954,22.998688669366736,76.97265721866407
120.21853439787968,22.998668113565238,54.629359664419134
120.21849003376572,22.998653959400432,50.05213177943478
120.21856280104925,22.998616106001563,47.16391077428416
120.21855603462001,22.998647349664072,54.842631748819485
120.2185442021125,22.99859809639328,49.14885016382407
120.21855074054908,22.998532994466597,54.191961275178826
120.21853490506079,22.998515068153885,58.934181580449604
120.21843447727007,22.9984748666566,48.25813569976475
120.21849313231736,22.998365720955732,51.216000002597
120.21855012840354,22.99831558953684,33.09706550153137
120.21842871874996,22.99833187837094,24.29746607871924
120.2184329555956,22.998227419382967,31.134323617078778
120.21847230143548,22.99817847352237,26.386640148421417
120.21845332282194,22.998143994051883,37.24543508050558
120.21849218608087,22.998084801326094,36.711198238276886
120.21847213745217,22.998070193680565,44.23028922726767
120.21848271183765,22.998053564042134,52.36008353475621
120.21840428119259,22.99809833250335,53.69808366100574
120.21827179702323,22.998089621265958,61.50205115362231
120.21821027003662,22.998013207161453,74.70770492449176
120.21807906379279,22.99799989927852,92.43576522580742
120.21820519104455,22.99799107046526,70.17976525157539
120.21809527403093,22.997937936309647,102.27980262882308
120.21820713325418,22.997922616805546,92.08067126965214
120.2182505552044,22.997901841303744,84.88101551972501
120.21826571024928,22.9978645542348,84.27786069213494
120.21840680534784,22.99778837495084,55.89640863209429
120.21849739355501,22.997735016897007,44.84727291155601
120.21851250230945,22.997690977878495,44.34273637750583
120.2184772754344,22.99770771842093,48.427384988607905
120.21848053904026,22.997679812879802,40.71185590081857
120.21839225046442,22.997666496852197,51.26391432770624
120.21840639418987,22.997579115162512,30.16477298421706
120.21836312198666,22.997550790755454,38.01792541303477
120.21843313429731,22.99755018207935,42.64718092408874
120.21829220023169,22.997460455888824,66.0655396760351
120.2184152921246,22.997470439080068,48.98836156871826
120.21841959953454,22.997422785166354,41.26445872788345
120.21841905409039,22.997404113981517,37.77801779314513
120.21843442754732,22.997422563648858,38.952597636463445
120.21847206581769,22.997427626427022,31.694163317616038
120.2184495753858,22.997409134959035,57.20515507533452
120.21844759995808,22.997297148945687,69.46666845548872
120.2183898437568,22.99734017278487,60.44920526796708
120.21841808606735,22.997338539254407,47.19437918256144
120.21838448649738,22.997393781868464,57.68311880795137
120.21852402809205,22.997365120575314,2.563846646234041
120.21863469289931,22.997351378170343,-21.2455632882892
120.21856371741274,22.997287818841446,-10.70047590468502
120.21855940239273,22.997288082288776,-2.576821497839465
120.21855406578275,22.997289498465143,1.8584021554360202
120.21852511827367,22.997289716646016,18.900552330981327
120.21852303241076,22.997340500421366,37.138425098842475
120.21852713218082,22.997352418642798,37.24305346497748
120.21854400172234,22.99723546217939,42.535989602300525
120.21855780238018,22.99735894189667,53.78588078564193
120.21863087788579,22.99726963178569,50.56744211552782
120.21864247266188,22.99727352031533,50.26872038145709
120.21861076038934,22.99732499899016,49.880801086451896
120.21865456982248,22.997305853477776,41.86249711471862
120.21867768096367,22.99731975291751,29.85668548151475
120.21867167491148,22.99734348809912,25.116143584614903
120.21870352764539,22.99737864672159,25.210567293176528
120.21864816780524,22.99736871247363,34.81778082499604
120.21867240298697,22.99726499704017,35.88892702512124
120.21869870439357,22.997154776066644,51.611470262246506
120.21880173050496,22.997015490499948,12.309138893024999
120.21865953541855,22.997141812453588,51.59398051456135
120.21855975465445,22.997285072836284,114.47592458379121
120.21851399387846,22.99699763260696,40.57712686068805
120.2182499459811,22.997103129023767,25.995313402010666
120.21840087154058,22.996983557268415,-17.53253829552635
120.21790957945386,22.997850007932076,341.05657733366314
120.21905361223337,22.998043514554855,210.92043681357126
120.21886030954327,22.997726195783045,26.97232057479948
120.21906218857626,22.997357586802362,69.19927123294566
120.21888134217036,22.99760427900845,-13.767693771795566
120.21913955135881,22.997445098159275,-93.36108543729927
120.21897049253866,22.99763430132007,177.03107997511194
120.2193299750934,22.998220349384304,-30.151213588951386
