120.14744759907525,22.99018445156564,42.05546508967042
120.14738583470128,22.99023206238045,36.04234512713571
120.14737136512458,22.99024481897848,33.89800717942406
120.14735156305392,22.99025826520626,25.849445156458714
120.14738153213281,22.99023383900098,35.522985700145384
120.14742222872002,22.990204916022595,38.93426115942026
120.14736182879808,22.990255751206504,29.052559825723755
120.14749176611612,22.99014543801057,56.68265517746058
120.14748849934305,22.990149681144402,53.618136181020645
120.1474302869953,22.990197812206606,43.79329592300781
120.14742912483715,22.990199007471443,44.963697923365324
120.14747430267914,22.990158958197654,54.53834224837606
120.1474493204127,22.99017696752494,49.85171469901137
120.1474339926624,22.99019531156885,41.794829708872015
120.14746637224327,22.990168239078905,50.56626129241607
120.14742357973978,22.990203747721022,42.94787615541442
120.14743086955404,22.990194389293563,41.55658156599603
120.14741765075627,22.990202801149046,44.008338531603805
120.14747779258087,22.99015371247831,56.50112172466791
120.14746824046361,22.990161194723356,58.751507063933076
120.14749130640902,22.99014447554887,57.84361088047221
120.14745567720782,22.99017878675469,49.94743206096545
120.14737241262506,22.990247834052074,36.558646263413074
120.14737603198418,22.99024495217842,39.20183286106404
120.14738518141918,22.990239432411574,39.23145317074016
120.14741533480485,22.990208701047955,44.090988893344054
120.14741628838506,22.990211110392025,45.45234608882457
120.14741109242124,22.990210044624195,45.5172280474599
120.14744226998286,22.990185050957294,47.48320889168439
120.14743749503683,22.990190133915196,48.37234004435367
120.1474278893106,22.99019949628315,48.394873881435814
120.14742602967611,22.99019841341915,50.0435202182958
120.14745709636405,22.990169527197533,56.22729648483997
120.147484180668,22.990148922324423,56.94442571861844
120.14747453297602,22.990156096775095,57.822434840685446
120.14745424129984,22.990172694835394,55.59459296159848
120.14745440800503,22.990171760593277,56.456088430352224
120.14740134423405,22.990216094055498,45.51638111790554
120.14747881234238,22.990155660287844,59.79967942979943
120.14749264822797,22.99014424770037,56.41552533368322
120.14750838659293,22.990131345011243,57.653495527464656
120.14740630967026,22.990221232144684,46.534297452889376
120.1474222661768,22.990212752017314,43.77893114206001
120.14750891472481,22.990140394417946,57.862238564783766
120.14749076906433,22.990152801967792,61.44901018170442
120.14746468999608,22.990177768669476,47.55500711949478
120.14747457655686,22.990168135028824,53.52781674166901
120.147435863952,22.99020822072173,43.59951137062269
120.14741702790532,22.99022553896992,42.52422611531621
120.1474876466478,22.99016436662527,56.41028761691672
120.1474859334336,22.990166164911262,53.678760426820865
120.14748178344195,22.99017128344611,54.350184324057054
120.14751045342719,22.99014322162434,55.746521097157654
120.14746396561551,22.990181575703303,50.77156802741471
120.14743907582817,22.990205303994504,42.99867177643322
120.14741590087506,22.990226071331985,40.37888418928366
120.14745529005604,22.99019154314853,48.15411041067951
120.14745579995478,22.99019235497864,44.58666943685624
120.1475221957784,22.990136496976454,61.954453464283645
120.14740605784806,22.99023164323627,45.34471196119028
120.14755521405763,22.990103507010073,66.55740408434573
120.14756298544376,22.990096115465146,72.03799300085248
120.14742144167225,22.99021558009518,41.32210059535418
120.14742696053574,22.99021355690385,38.91492727873107
120.14742230582189,22.990217864143833,39.599768071869505
120.14741089502314,22.990225401074067,42.18004277794014
120.14761543282441,22.99005743178813,78.82251110867578
120.14741371399317,22.99022281733668,42.47664487477712
120.14741776545712,22.990220662185415,41.61168620182168
120.14741106277725,22.99022419360071,42.26997471189369
120.14742552592962,22.990210172085096,40.72077858889676
120.14742221901925,22.99020923713319,41.61485073579327
120.14743046906813,22.99020109370937,38.746327033117424
120.14744598990175,22.99020428039066,39.181239580089375
120.14743304883989,22.990213282611677,40.73057023958015
120.1474449951165,22.990207058937333,38.5157401519045
120.1474223660626,22.990221722457065,42.98272532810523
120.14742196374725,22.990220073826514,42.20324712667036
120.14749753186355,22.9901571093062,56.9806125768774
120.14747248396215,22.9901833716196,44.84704072376756
120.14746249207894,22.990180010885407,43.429861849964105
120.1474424399212,22.990196055996293,42.679786800680006
120.147387380374,22.990241401502203,32.238107176849205
120.1474169556881,22.990215705108163,40.51934051443904
120.14746445953617,22.990177832857412,38.42603149894144
120.14747615275849,22.990166935821517,46.62675867345732
120.14750131814009,22.99014588684576,48.698130701154135
120.14749997356829,22.99014725167137,47.56827748937946
120.1475174627433,22.99013335552864,47.17844858047189
120.14749190012218,22.990153174159207,52.50168775436089
120.14748629579928,22.990158157227327,49.480856222328924
120.14743901298125,22.990197743381028,40.153358352049985
120.14748337948733,22.99016134959569,45.76857426725454
120.14756057046851,22.99009770326012,53.31607774442574
120.14747217230605,22.990171571465144,39.448176618439796
120.14746890910718,22.990173845049547,42.58587781271351
120.14750188014791,22.990156846419968,54.764255833634856
120.14743221416977,22.990208569621046,37.74085006847469
120.14742264978767,22.9902139126587,40.133415279496525
120.14743375123878,22.990204778286877,38.413597685619486
120.14744765157596,22.99019307633088,42.6679065339352
120.14743642532738,22.99020610195809,34.39660694222693
120.14744234885359,22.990181608689493,49.342612692602145
120.14745601914284,22.990175528874172,49.04587448181144
120.14746132534293,22.99018028741244,50.30254485249777
120.14741993944256,22.990218863941,42.509951215916516
120.14737828346793,22.990242765555628,45.26214475040395
120.14736100919083,22.990249774350094,42.3468747287476
120.14737702474251,22.990224175642414,47.81324179894627
120.14742232305662,22.990285540652778,44.65228289084294
120.1473972427485,22.990327642495952,55.377330639321464
120.14751261813626,22.990208911159712,26.64478193506466
120.14755198373012,22.99030096220013,31.594086147672446
120.14753282993033,22.99032962942807,58.948251605657525
120.14753356652429,22.99035237808723,51.84944442729272
120.14749138077636,22.990370471882443,61.17269671680315
120.1475153824338,22.990321692135176,54.23659668708358
120.14752451479673,22.99034382172954,66.02457785578868
120.14746947161066,22.990377325669474,50.89933525201686
120.1475707479275,22.99028421909504,61.017570848630974
120.14747747605706,22.99033644989735,75.84272378485703
120.14754887498945,22.99034529173011,56.96437200339637
120.14755462731712,22.990419561319843,70.80296382397518
120.14757512482552,22.990319563683837,66.14273721846531
120.1475605214197,22.99027238891919,51.910262991208356
120.1475961641455,22.990261554364064,57.70126494619062
120.1475816369827,22.99021304826392,61.657113336110534
120.14752979383171,22.990264202388214,58.688105522331654
120.14759724227052,22.990204630476594,74.89355733106481
120.14769600634808,22.990213622592538,56.46651665451368
120.14767777442131,22.990210906507652,48.94370074084724
120.14775136431258,22.99027674068783,59.714519423890636
120.14771313385606,22.990251722474614,52.84277847272935
120.14764388303922,22.990242330482765,59.342543494074945
120.14772966738151,22.99023440145671,60.271754467213555
120.14768874376918,22.990215836754803,54.20589164980519
120.14769471368426,22.990230092460905,59.7736875998638
120.14768724022886,22.9901395913568,53.72480753155704
120.147649095857,22.990165886870336,60.799639802963135
120.14768715534984,22.990104114128844,34.06188048158449
120.1475894453952,22.990131532588634,49.45292145722901
120.14761982799857,22.9900882354634,35.52745600815064
120.14765954782187,22.990104853279874,40.4373673565712
120.14765930098051,22.990112656444712,39.26598919767593
120.14764431704528,22.990115247726692,52.92694205246146
120.14764587724177,22.99013610654495,49.09135841644742
120.14760253036499,22.99024280290877,38.035529481031695
120.14757582070774,22.99030939216685,53.688636510737865
120.14760420971045,22.990264898478692,51.37973818453372
120.14757183339803,22.99028832857093,61.02863860673118
120.14756557978909,22.99032296252296,67.01110999239302
120.14769915862439,22.99028931028342,59.17235256737718
120.1476835157168,22.990235690463916,55.2970322906671
120.14768921921433,22.990269368191527,51.54909437742284
120.14767794329471,22.99020170898256,44.28924933872273
120.14761927906821,22.990145057949725,34.8116887622798
120.14769100127681,22.990188158928472,40.839655906324246
120.14768830922218,22.990222070064554,87.42124176654183
120.14777288834868,22.990185722487553,54.015917652928856
120.14769824424148,22.990097278430802,37.09814653308659
120.14765135079534,22.99019266378854,57.51219988408718
120.14765330478657,22.990185342632895,62.043958425004284
120.14771349484913,22.990233772384187,57.408376145537915
120.14764592161819,22.990190766028032,65.12930220260438
120.14749097977104,22.990281785469822,96.45938845445139
120.14766596185872,22.99010483142354,45.0754838806636
120.1476761138805,22.99014001224766,48.427584761376266
120.14766902259797,22.990158601749343,48.50370875838358
120.14767001567006,22.990214621513328,48.2706492069647
120.14765473783015,22.990186937911034,50.172364691409435
120.14760398303224,22.990161719694093,48.18181951654097
120.14763068574761,22.99030634937719,56.302315190749965
120.14760793164491,22.990352442030787,71.44293117585373
120.14757127342149,22.990189271379712,66.04225215405296
120.14770047651847,22.99014264509789,40.39835973593373
120.14766670349158,22.99022302101093,48.88862306094551
120.14765516380885,22.990279562317664,58.490239135158824
120.14769179539628,22.990131311227685,30.950256884820124
120.14767919517307,22.990169415858464,36.8721957157715
120.14769015831456,22.99024754538681,50.431974832810205
120.14770789491659,22.990271725952304,49.498910058646466
120.1477057479307,22.99036053490519,57.88427109813116
120.14769639774683,22.99035982725066,48.463383403145556
120.14771897955646,22.990345107279623,38.22144279344283
120.14770095585182,22.99033580305943,33.712626599192795
120.14768111388189,22.99038183079575,37.50429009371887
120.14765062347651,22.990418304450515,45.292865973773736
120.14771238714759,22.99050389199208,37.963878340974475
120.14771934732381,22.990516220900723,43.638489437250826
120.14778281308524,22.99054739247445,43.37168521175145
120.14781147115396,22.99063786311703,58.09046534034609
120.14788870269095,22.99063793447401,43.68696008479433
120.1478729960598,22.990639192530544,42.41873218555663
120.14791095158002,22.990682435492992,52.298647030703556
120.14796038998765,22.99072080044184,52.82856348513515
120.14801091470865,22.99076818182362,45.26122653694561
120.14801557888092,22.990785479311167,46.228226263255365
120.14802420632947,22.99082535304536,40.75077711433273
120.14803731073205,22.99082999244728,26.79753907200068
120.1480663801635,22.99094434578543,46.81638769299964
120.14807439794254,22.990956166087667,46.02187280053019
120.14803477740443,22.99091687936365,46.48964704480199
120.14798222024342,22.991013072285952,51.365407170329824
120.14784870444116,22.990934177202465,65.38580271218267
120.14796467659853,22.99105035874331,32.18771402420344
120.1479146714324,22.991089804438122,30.809638813835942
120.14784236465081,22.991116906926536,33.47989491916711
120.14778189866664,22.991162337226307,33.20761253527587
120.14771431552057,22.991206096217326,34.320272003382286
120.14766167145477,22.991266590495286,36.247239990636594
120.14761378151537,22.991313007583432,34.250304053139
120.14755637407109,22.991366805564112,33.28422758578994
120.14749603185912,22.991422550326188,31.84184175464657
120.14743801668925,22.991495480737115,34.31620797378981
120.1473607324334,22.991584467155572,40.37363063694254
120.14730269142787,22.99163049668567,40.17133925027058
120.14723447180997,22.991690974407913,42.679718091801746
120.1471652444859,22.991777313215398,50.17706634951078
120.14709678938806,22.991843619217352,52.88281957340846
120.14703257419112,22.991955709310563,61.8100094176138
120.14699220250432,22.991868687620183,40.207823148447645
120.14695197211907,22.991908332014003,36.82805411358114
120.14690390769672,22.99194313655707,36.25044184377906
120.14683733047713,22.991981287465507,36.74907978380699
120.14678167897564,22.99201666197136,37.17088148921222
120.14672651332695,22.99206328458697,34.870262593214996
120.14667007318153,22.992109175195086,34.46820225467922
120.14661274050316,22.992160753641212,33.52932824682648
120.1465621533464,22.992212563528554,32.45821942566265
120.14653612818312,22.99227999690759,26.99390070424847
120.1464617069792,22.99233020582642,30.466908316296106
120.14642178541104,22.992395790081094,27.515407032643438
120.14633953519551,22.992435505983998,32.35346537273103
120.14627944071826,22.99249376177411,31.16931517283371
120.14620829901952,22.99254742137385,30.527096523990338
120.14613504035,22.99259560065839,29.183786891208236
120.14606147466299,22.992653063929225,30.00406075854397
120.14599442756419,22.99270592050469,30.44804621005265
120.14592539325406,22.99275977438581,30.925108630939263
120.14585757855743,22.992840178885718,33.98943038270566
120.14578331358808,22.992969670524626,43.028333097003525
120.14573857539318,22.99294227958869,27.24932494692307
120.14566118376885,22.992988957308913,27.201536282303998
120.14563300284456,22.993065752983526,19.11803487473903
120.14559744902694,22.993156432851517,13.215310267071269
120.1454980307445,22.993196812870394,20.024486412390164
120.14540573662971,22.993246356206697,24.98879868274322
120.14537110578372,22.993306632233512,16.309817079176852
120.14526322097554,22.993365886591317,25.76852266599605
120.145185338093,22.99343251399425,27.0467950082575
120.14510734554513,22.99348720003658,27.012986956920535
120.14503423112751,22.993561690379416,29.13643434465185
120.14495515933024,22.99361885100407,29.057473049278798
120.14489767801436,22.99363388232,20.003190670493115
120.14481814208466,22.993756717784358,26.027030593829252
120.14473546153715,22.993815101224165,29.049934884031575
120.1446630627246,22.99387552760019,30.264355947128692
120.14457786741352,22.993935301821505,32.06125549663194
120.14450779269993,22.99399581184698,31.349651576630283
120.1444622046645,22.994076203241477,26.9013782546894
120.14436574205833,22.994124514504886,30.806381845318267
120.14429418126241,22.99418674957234,31.099063857667012
120.14421765926289,22.994253111447257,30.811341249047853
120.14414099382287,22.994318282297925,31.366138039707728
120.14406568951732,22.994385321192553,30.920594766457185
120.14398751961633,22.994453091710497,32.41484348558681
120.14390791360535,22.9945214327328,32.572736991729606
120.14383451348158,22.994594088297298,31.823788922712147
120.14376951023107,22.99465335711417,30.23874517990385
120.14370712751477,22.994712117982218,30.689217276125632
120.14366159865644,22.99475689463469,32.326583795212024
120.14363639244023,22.994809719378765,30.485468822373296
120.14362277785796,22.994869973576197,34.01636958462021
120.14363967283069,22.99487463025312,30.28445917517162
120.14368010357903,22.99492543968987,31.315615107820733
120.14373441813517,22.994953965484516,33.98119593972573
120.14382978053627,22.995030811870482,42.21124383874773
120.14386330396049,22.99506533099674,39.14897242160397
120.14390771680176,22.995112792691486,38.959268254056184
120.14397354612987,22.99518281747181,38.7000055102577
120.1440742658955,22.995259159409038,41.416590774006586
120.14411802599282,22.995315791450317,42.110143131549584
120.14421641173138,22.995394028165173,43.989552815505895
120.14423989440186,22.99543094754949,42.50061480293016
120.14429550274521,22.995500925338632,33.6919655933315
120.14434488547516,22.995560192527627,34.15422239389157
120.14441727686285,22.995636847608377,35.135355548339795
120.14451282195058,22.995723570681875,40.48435530974972
120.1445700446115,22.995775822654213,42.28229856906385
120.14459216590913,22.995865768248127,35.44972269650463
120.14468378526972,22.995903445366025,38.36052259489183
120.14472531425808,22.995955091587007,36.820173340792266
120.14482399973394,22.996007773835956,41.152388987777115
120.14490818738435,22.996090783683304,38.93955257721022
120.14497664927029,22.996160393757073,38.115671748449124
120.1450589961197,22.996232717348633,38.767920748916175
120.14515754806824,22.996304626202317,39.80806297848936
120.1452276765516,22.99636135990621,41.242378120102885
120.14533247355924,22.996404368147207,41.72261700445103
120.14541701097157,22.996404667128125,34.73445988708267
120.14548009565961,22.996447949163,34.44461030162054
120.14553294432918,22.996495409318992,36.8260896647213
120.14560146871497,22.99655817940196,43.9776736176111
120.1456921373401,22.996564828313748,39.301111705193904
120.14578651500257,22.99659869346372,37.915144998399406
120.14588139659985,22.996623255900865,39.77193380790559
120.14596050131576,22.996679735096247,40.11153175129575
120.14605253955145,22.996695384160436,42.31498616846268
120.14615086067138,22.996658079800618,28.855946013072895
120.14622809639953,22.996746879674593,38.81723413878466
120.1463108084492,22.996811504385555,37.915852840280266
120.14633819581117,22.99688677235204,34.05398936833434
120.14647519381518,22.99693763344286,40.32446266015373
120.14654640418192,22.996978802741854,39.612693392154604
120.14661261520669,22.99699000280418,42.543741056042826
120.14669393222682,22.996947782527915,40.58734384550531
120.14675472753092,22.996961761647714,41.79063487613208
120.14676249095778,22.997008457786343,33.36886928570473
120.14681866018255,22.99701840603634,35.65288491476876
120.1468466910089,22.99709505644869,40.140158654286154
120.14690945293782,22.997107198187507,39.53186586841683
120.14701071499692,22.9970783879731,35.93728875410763
120.1470739547607,22.99713970968949,44.3269230956248
120.14714230916086,22.997160947037212,42.97539840209702
120.147218877298,22.997191849822574,44.49510497666086
120.14728895954869,22.997237770286162,43.02223082849847
120.14736634662786,22.997282868277452,42.796816169861486
120.14746169384082,22.997313534232493,42.231480543466354
120.14771935964652,22.997221794058095,62.8629125320349
120.14784906196515,22.99722564085257,67.93773287186197
120.1477884061527,22.997401910326865,48.88871964343679
120.14784634953432,22.9974590085126,43.80294867791473
120.14792152087573,22.997521353621888,43.084643527789375
120.14799799816164,22.997561290674128,40.44009966506182
120.14810670643705,22.99760084608587,44.51467313654272
120.1481847297486,22.99764183719441,40.48207374075356
120.14830013420226,22.997663755263925,43.34687484875665
120.148392182618,22.997718370903304,42.45928914863935
120.14848940645135,22.99775437127265,42.06514974357118
120.14860077203055,22.997774234825773,40.76412296546579
120.14869785870353,22.99775939460772,30.40412841262256
120.14878919195122,22.997834418276263,36.661460624694215
120.14888276805756,22.997895492438996,41.29105895641569
120.1489881632606,22.997887157998722,31.53017028735428
120.14909883586412,22.997922110751254,33.29451764931015
120.14918852111487,22.99799881919649,38.82473913050442
120.14927893729973,22.99800668541447,31.046082310693603
120.14937679435283,22.998074655466464,39.004560710829715
120.14947401087554,22.998104946405267,38.651034195900564
120.14957719219943,22.998159575025138,40.62808954007738
120.14965099031923,22.998250924681127,44.034319155837004
120.14977179172918,22.998234105333488,36.428336051793494
120.14995192453343,22.99824554962308,52.33313496245382
120.15009678423093,22.998250434752315,63.70716229292871
120.15011630976531,22.9983010724259,40.0713438185236
120.15025472090741,22.998304091957387,42.83289962875
120.15026874918296,22.998469508252867,47.60387952822078
120.1505560162981,22.998364991985607,69.43393378814747
120.1506722206069,22.99838510008323,65.90600903716576
120.15054973501864,22.998625259223356,43.69100375618324
120.15064711644698,22.998670972828354,46.340559050658456
120.1507522354997,22.99869266772427,43.74577575623771
120.15084967228486,22.998730829583817,44.55477144023115
120.15094671400128,22.998757346116562,45.73896474943955
120.15103370140442,22.998807376793632,45.04774093816177
120.15111497943735,22.998837406508198,38.11875682193461
120.15121395783869,22.998870106753664,39.05595210202823
120.15129579737601,22.99891204225214,37.846984725544836
120.15139322529929,22.998992712775475,47.65879802958621
120.15147191175457,22.99908696839762,57.58617367415443
120.15155473060885,22.999201059634174,69.21313755849586
120.15162561921979,22.999302921463375,82.18936381340284
120.15169929758036,22.999372915225976,90.07215643153106
120.15180306399598,22.99925492577574,61.675507031395675
120.15188919417393,22.99923341179717,52.760953019274915
120.1519770333218,22.999216092260102,44.211633857722845
120.15204149326394,22.99926277399599,46.65937412879508
120.15211652023393,22.999260539186583,39.21432153152533
120.15217631917221,22.999256321961724,34.939837994317216
120.15222557043649,22.999269184787465,31.624008342747906
120.15227786137562,22.999287203624068,32.85919800714566
120.15232395166798,22.999346154217513,35.05110097590602
120.15234124494756,22.999371849463657,39.48987355897515
120.15236910734414,22.999318724388495,33.07830978261762
120.15234711947365,22.999343495479287,37.80085470880765
120.15235325815004,22.999345448797165,43.412729591321025
120.15244899740884,22.999388938624406,46.23582815497337
120.15247405447172,22.999405509935215,47.76967104630957
120.15248916842438,22.999380481537422,36.83893537194425
120.15245050215765,22.999352968055046,32.46068809114493
120.15253496179422,22.999393152699092,27.33917282564876
120.15258170069377,22.999437406613865,31.782298322253293
120.15264911619016,22.999496221325295,38.49298300790274
120.1526885811356,22.99948461787287,32.64096042070578
120.15279225228068,22.999572843983433,39.85592023364074
120.15282192037735,22.999623348916028,35.42240236373626
120.15288919029962,22.99962079997965,36.902097119600164
120.15302280467697,22.99968935709577,44.90887162577503
120.15305495395629,22.999693612029194,42.20549784954448
120.15312845145934,22.99974505405553,42.4468270617491
120.15326996453955,22.999704593464656,50.14000567513493
120.15330842380659,22.99974718347306,44.14617539619792
120.15336924567217,22.999792952991825,42.221783374728524
120.15341326109046,22.999850905822,38.45248154581969
120.15350816725832,22.99988393694452,43.59462914513241
120.15358449751803,22.99997885010603,53.01358753659131
120.1536580565699,22.99998902079385,48.76229073868077
120.15374387485535,22.99997909132771,42.68437841120276
120.15383089654297,22.999981392315366,40.46178766469684
120.15393674326988,23.0000164025432,43.08625872342369
120.15402393372896,23.000041417289733,39.07963789081307
120.15410731272861,23.000093187523806,40.788630264759014
120.15416910114696,23.000178411378315,49.060687047306786
120.15419949901506,23.000307451349652,57.935566573522856
120.154289273597,23.000324334493275,54.69965522890151
120.15437969524504,23.000262993196674,38.00187749140567
120.15447108062665,23.00026322992945,29.76134232905992
120.15454347533961,23.000365273106333,42.89710987209087
120.1546270990666,23.000374673013493,36.63187948248599
120.1547100364461,23.00037799564953,27.002518152331163
120.15481040688394,23.00041610224803,31.509936263587722
120.15488320441328,23.00051107454197,41.826340960814925
120.15494070604989,23.000458833377,25.566686111830013
120.15506165071513,23.000496351705173,23.918997103585326
120.1551602813188,23.000557172051362,27.42631657935712
120.1552572814981,23.000606739029532,28.540442780864886
120.15536047432269,23.00061877957062,22.675259825675646
120.15544395171038,23.00067706107429,26.442653042005947
120.15557585101195,23.000718089055816,27.069403848865253
120.15565292054428,23.000811076417538,36.8213297679375
120.155721324407,23.000870604999168,38.260828191413715
120.1558043068838,23.000920994819406,38.89734577696431
120.15588555971296,23.00096096746568,39.13281596692459
120.15598819613382,23.00102516519903,44.70474890738652
120.15598584385548,23.00099548454664,36.40052540014563
120.1561302784673,23.001077050307053,38.77447050335766
120.15619954577183,23.00112529335391,33.4821210408884
120.15629333290137,23.001159663066304,32.912606858650406
120.15636439973362,23.00120278605811,25.739356183617897
120.15645971201998,23.00122581746486,38.77426870058215
120.15652532734629,23.001247903295276,25.037653633760723
120.15663688785621,23.00128644020754,27.60766618196155
120.15672989792357,23.00133347426143,26.188645570829355
120.15682167326877,23.00137511845054,26.672903461232703
120.15689027531454,23.0014482628915,23.224113124768458
120.15701560689064,23.001467449289645,27.29572399149953
120.15712693916512,23.00149757898845,28.090069893357494
120.15719013648756,23.001560313711522,26.11864445968998
120.15727464111124,23.001599028912267,27.408211096437554
120.15734893245228,23.00164738050797,29.08817588703704
120.1574330739553,23.00166764836442,29.52023524658891
120.15750265825264,23.001720862142818,31.955323410548463
120.15758040067941,23.001748385224847,30.51273161740364
120.15766139162126,23.00179419311491,30.678038869394495
120.15775948754226,23.0017901087635,21.93208612076093
120.15783979173973,23.001826401576253,23.738976092915227
120.15791759903567,23.001872455789623,28.02250634303939
120.15800197287103,23.001876132787554,24.33325124802646
120.15807870503245,23.00191224767149,27.073930012517955
120.15812524102091,23.00194606145972,25.93761972050565
120.15821977315291,23.00197912634716,36.26772188053553
120.15831067296486,23.001985570305333,37.14802238367369
120.1583880373464,23.002034728439675,40.17037806966816
120.15846416220924,23.002083011373383,43.42139326934373
120.15852378182598,23.002119245462428,39.87368704513592
120.15857703426771,23.002161392084545,41.560707880548414
120.15865251728617,23.00217018967626,41.61580647618972
120.15872382096236,23.002194150863946,37.06844412348
120.15880227741513,23.002231821749316,35.876454028410706
120.15887878043856,23.002259955396394,38.85178387513197
120.15896349588957,23.002272081258987,36.75993159483892
120.15910369668447,23.002264604623193,47.616265147824656
120.15915069246336,23.002306994615598,38.54172955606336
120.15920442316245,23.002363070214898,34.562346369084366
120.15929275782857,23.002363938751714,34.6555490358201
120.15937684042288,23.002401616878537,42.630688206342946
120.15947312772012,23.002415698462006,45.9122238688613
120.15953948386307,23.002418843609036,42.997721476593
120.15961757132786,23.002476109808995,50.880700237869384
120.1596913554257,23.002481848088443,52.692495266700696
120.15978922839497,23.002524843922206,56.86713739394184
120.15992312499105,23.002411140832688,33.87570979008261
120.15998142502221,23.002604376376045,63.601555053211385
120.1600529862926,23.002592971481995,55.55989378339612
120.1601381681833,23.002539797703285,39.644106118409695
120.16021521234352,23.00261201721956,47.07871172009659
120.16029697514584,23.002683069122096,53.03693736675965
120.16040886676909,23.002641410726852,40.48857606724583
120.16048716242436,23.002750002582236,53.837269080042
120.16057946809136,23.002754930111344,52.32535196947594
120.16067177095123,23.00269421759271,39.51889851110214
120.16075070790275,23.002796470482266,57.06016232346948
120.16084289030016,23.00273375203408,45.29154772361853
120.16096606491246,23.002787763104106,54.18140733571475
120.1610175673908,23.002941617016205,80.08203470009217
120.16111632882098,23.002954240007398,77.99992984035187
120.16119003948693,23.00288465340257,65.46032771843699
120.16122621202526,23.002892646373482,69.07370174431384
120.16126736558356,23.003001209810858,91.99454851549865
120.16133786833419,23.002924192045278,73.39771869171352
120.1614814896055,23.002781130164628,51.03211664181597
120.16156621697351,23.002778874480974,49.36566196957504
120.1616165669429,23.002848532940874,60.63447161703163
120.16169443511839,23.0028582383114,63.04679790878751
120.16179694783668,23.002891300779293,59.219502719789816
120.16189443247622,23.002905664933706,54.18353138450123
120.16193579646126,23.002951354208786,73.02625470311686
120.16201765697997,23.00296795699096,78.81985130813175
120.16212293406096,23.00287448470671,65.59048308516647
120.1621413886728,23.003058026488887,88.27951740569782
120.16217979123059,23.00316490551358,109.66416134558962
120.1622497583316,23.00307169557976,98.8576890735124
120.16230835861367,23.00300749175858,91.35510795871633
120.16238493974313,23.0028680808277,67.5224497011692
120.16252443550395,23.002852369735244,65.77881970997097
120.16259466320787,23.002805023765635,54.45508916734093
120.16266068490299,23.002831144524148,54.91734576998227
120.16273629860262,23.002844719225347,57.53878250395367
120.16283336028431,23.002775632840386,48.24333055338021
120.16287688214295,23.00276657104155,43.56034459481656
120.16298377938014,23.002700917506953,42.300983375868775
120.16306818918562,23.00269168200555,40.9688707182643
120.16315863737239,23.002656281425228,37.83317986833799
120.16324688239045,23.002621746985206,32.1895132239203
120.16332889514807,23.002624991828416,35.20708617452933
120.16341724934182,23.002718717524694,57.286156035104305
120.16345159346209,23.002634468172865,52.4304064042765
120.16352539281206,23.00253378080677,37.3956239971223
120.16357356512931,23.002636647981635,58.17304077334442
120.16364417642491,23.00262165253876,55.96296668797249
120.16377575509091,23.002567609099863,41.710367912901766
120.16387352925837,23.002688622583868,63.053424654115446
120.16382197127774,23.002647098988028,63.39225731496751
120.16386836576491,23.002594209012095,57.39469870803852
120.16391157444056,23.002512578581644,41.64069598477015
120.16390797016746,23.00237794586703,12.213702873706726
120.16394336321326,23.002496108648852,42.938293071290296
120.16399424233984,23.00244926972162,38.28663735487397
120.16401253171622,23.002706968006454,90.1059123888376
120.16407880655761,23.002432387276595,45.854860033150175
120.16402508854603,23.002480267890544,54.71181674513366
120.16414368568407,23.00245818674907,51.84983727047827
120.16411747713157,23.00237061572214,31.296639967187307
120.16415025072966,23.002359563123495,30.864960013490418
120.1642119058397,23.002401276363166,47.815038634464386
120.16419870551651,23.00253702399651,71.13103921725836
120.1642342534888,23.002427592978904,51.49384619469733
120.16423298147413,23.002464610369994,54.73207953032856
120.16422608765795,23.00253171402457,64.21190503459309
120.16420394080534,23.00256958174654,63.50582066495666
120.16424846513031,23.002548161220002,65.68232809558177
120.16426979033025,23.002498882720477,54.092737692113175
120.16426873701528,23.002568633969563,66.51907107013066
120.16428334512231,23.002545907606546,64.20483636074012
120.16429275733921,23.002513197859404,48.06154799640879
120.16431804914917,23.002518332123266,38.92097235103941
120.16435314078774,23.002559761637354,37.116222483143495
120.16438761797984,23.002594418559816,34.02433428483098
120.1644460417165,23.002616909470035,33.90715646381735
120.16454715962948,23.002612672286244,36.693290005801124
120.16463034035624,23.00264060591794,40.63055975185247
120.16471356139131,23.002617980069246,36.083894719605304
120.16479079529594,23.002611687805906,36.31174475783972
120.16488019842754,23.00260282729624,35.196324538380004
120.16497792668507,23.002581475530135,28.172590247252153
120.1650411197366,23.00269498648589,50.747077731964644
120.16514231007233,23.002655320181457,46.245747204429726
120.16527061694246,23.002614905293118,47.01435132589149
120.16536873708687,23.00261149774013,52.24867900874529
120.16544023617601,23.002541862026277,42.274141756192364
120.16551367307558,23.00247607592048,38.98190669226135
120.16559282030488,23.00243478647367,39.764201251827
120.16563478286417,23.002397042965217,36.91053556878399
120.16570023992541,23.00239880801504,38.459008360772856
120.16577630577933,23.002408699094563,43.49761714491886
120.16591990017915,23.002338578123517,43.65924370450269
120.16604012999707,23.002249158040964,35.36504365172058
120.1661230760596,23.00230763639945,55.77412789218283
120.16625537870922,23.00234768973611,68.39070235428859
120.16640279393074,23.002453570594906,85.541049823578
120.16636595828214,23.00209266282176,25.61611767067652
120.16647212407777,23.002300399337102,53.225795481360926
120.1665543477722,23.002137713812356,38.21640683515563
120.16671243571587,23.002282320863713,68.0754991230513
120.1668411341488,23.00208477101226,39.55407155168731
120.16694410489829,23.002122824448737,51.034071621021106
120.16696170836713,23.002303060520227,78.48723170795499
120.1670390670154,23.00215313091414,65.88599175075618
120.16713003906999,23.00219648234747,74.95938661676682
120.16719318434885,23.002058050472154,61.74056360842125
120.16728991340452,23.00208391947737,72.34666004228662
120.1674213033492,23.002192882206327,97.87752618204988
120.16744989691578,23.002020193185874,71.98365782820231
120.16750090352426,23.001917798868135,58.69069597479667
120.16754832881297,23.00183584900035,49.77548200715504
120.16770525585652,23.002053850438774,87.03267656427914
120.16775831761348,23.001900122259844,65.82185931959717
120.16773047976501,23.002164746402013,121.71118570234005
120.16792143537575,23.00209140583431,107.80181839653271
120.16798023300177,23.001724774469988,46.006115263853026
120.16816217109334,23.001695369071815,37.91852222684003
120.16815864387931,23.00172477863444,53.19044225058223
120.16821933865855,23.001709573368714,57.639395392603845
120.16828792124188,23.001606987637373,57.231234774310195
120.16844351246279,23.00184073193023,91.93093664163642
120.16853241161192,23.001906313397193,99.53712189812141
120.16861001191167,23.001725009956548,78.25472620036827
120.16875941609277,23.001801134755908,102.83545686467193
120.1687408684581,23.001438102179737,47.819871237422525
120.16899845214236,23.00132397574508,40.757803389525755
120.16909136918187,23.001274721835355,37.73796871958047
120.16911856602756,23.00120412605321,21.057650338492973
120.16924969572712,23.001221348236598,33.95765903091969
120.16934591260137,23.001373790827426,65.30389708638697
120.16949100661613,23.001299513295084,57.907411324195444
120.1695050888197,23.001042615590364,19.32753938543412
120.16959969401763,23.001046738283165,26.63620235249368
120.16969879508285,23.00100923401081,25.214131336519106
120.1697984079069,23.000991545677707,29.56762554605964
120.1698949839185,23.000970051954052,32.50677877983565
120.17001128082725,23.00100290961057,42.36471009989227
120.17022736910654,23.001166654977705,84.0128117521356
120.17044723038042,23.001079889051137,67.89301695417254
120.1703891344819,23.000894520267757,48.78355769895666
120.1704780250697,23.000825229599677,42.641616420742636
120.17052264072629,23.00106792614591,92.58591863108704
120.17068363476629,23.000722275517152,37.7057208595865
120.17071421851594,23.000903980871712,76.50209173600071
120.17090351683449,23.000908003690004,78.36733956255794
120.17095614041,23.00073778764786,58.843798341157076
120.17102588175399,23.00062483367364,47.992341117589746
120.17092330301517,23.00046579295131,89.68254186670528
120.17112933088534,23.000510275997947,68.51076436508485
120.17123362672834,23.00050354635708,68.80394485488102
120.17143397466327,23.00056392495041,51.744237148915346
120.17132086643572,23.000432691764406,91.33163086342483
120.17161739117857,23.00048138501455,51.81296635725104
120.17170746016645,23.000445877302703,51.23327738829248
120.17178120861757,23.00043310893241,52.281987635280366
120.17191809842987,23.00029212377461,38.169467395763846
120.17190378815424,23.000206424840258,54.715863927778784
120.17204341063129,23.000180369489133,42.37336379162849
120.17209610498989,23.000169447454333,53.67039539080193
120.17218817556113,23.000164094515526,60.412481912417036
120.17226279423652,23.000167033635222,72.77528029822389
120.17241752637834,23.000183780953666,59.70285678387014
120.17255532113828,23.000182106660766,55.000981888149745
120.17263586243098,23.00015164024065,60.51807950019688
120.17272702161559,23.000148629569463,64.64669318500351
120.1728393490223,23.000129670285197,58.490587566905944
120.17289426521934,23.000027098965212,62.84316793086121
120.1730022595102,22.999969798238222,58.17135784321265
120.17309199722546,22.999932640474835,55.07372621256451
120.173149446937,22.999919808474104,70.08541184937015
120.17322482989168,22.999940698241787,64.35440848701184
120.17341296062548,22.99991559938968,58.41517561067894
120.17351551522906,22.999872209237093,57.275965243181886
120.17357821357044,22.99982709445542,60.32414043796394
120.17369592682299,22.999854016338862,64.64718899353399
120.17378488107732,22.999821502620343,68.18278229164312
120.17394708581037,22.999712199402765,73.57075284197828
120.17404760375402,22.999663105806306,66.04343619633092
120.17412825936944,22.999664871818556,60.25015153904695
120.17423300794174,22.99949005490101,40.8419153060275
120.17438012637115,22.999592870732567,64.28810614167115
120.17440526522678,22.999359942480144,32.50338458400159
120.17448665005114,22.99932657672828,28.301138538106994
120.17460623296854,22.99931473742113,31.967031828948734
120.17472026524273,22.99926180456309,32.7219714655518
120.17480793886921,22.999188807893717,25.3864124321339
120.17495279997321,22.999435899900956,66.6894452613288
120.17503155246212,22.999247132675325,52.5051114710528
120.1751618421873,22.999507104586737,96.05296863234769
120.17510433457105,22.999105602150976,20.713404038814275
120.17542476845043,22.99976535942136,134.77609907204948
120.17546720230229,22.999619417834605,109.20313953436167
120.17549274254421,22.999197054155626,38.33672744578129
120.17562581411747,22.99944814530092,77.26782718315731
120.17567113808529,22.999380309119076,66.66885011020457
120.17572720601608,22.999370532910383,65.55913637817268
120.1757769922771,22.99936467773856,67.56329374021853
120.17588197925491,22.99949229257783,91.24851448794124
120.17592893490365,22.99952519452381,94.87999500554109
120.17583506855037,22.999136198664697,29.615121505016866
120.17589816011545,22.99919241704478,41.778127115926935
120.17591050729926,22.999148536309207,35.008836273609006
120.1759394748304,22.999192258527998,43.343148131884995
120.17595484341567,22.999201675558833,43.62127398129446
120.17596850248243,22.999203468075642,41.77511634246388
120.1759612772293,22.999224379564474,40.24628553832149
120.17595203493043,22.9991490272832,31.899416224557235
120.17600641870298,22.999198656078967,49.92116156309209
120.1760185511738,22.999267914323628,54.81838930708522
120.17602755467587,22.999293809965828,59.36750460824474
120.17599830407646,22.99928480897723,55.931864052506185
120.17602549247152,22.999416630134466,73.48135083940703
120.17600018361937,22.99923565587578,44.51487343689522
120.17594276714897,22.999099509811245,14.787344605365833
120.17595909172506,22.999260618151894,38.50427766979353
120.17599052038197,22.999350231475496,58.66065522628716
120.17602840478064,22.99943842161894,74.46039244894291
120.17601925797914,22.99936625408696,62.46361934265396
120.17601302042506,22.999399445772635,66.43189929120965
120.17601726425967,22.999414059399403,71.13838661387244
120.17616028505128,22.999823763642382,148.31739699515538
120.17613789867005,22.999753402345277,137.58016318975444
120.17619582428955,22.999789360706572,151.42264619615028
120.1760486911248,22.99921072291904,50.007127533390424
120.17606784293793,22.999256406908433,60.36303161379368
120.17602375028999,22.999190325071982,50.3029024235896
120.17604921145987,22.999210301041686,47.749572759190464
120.17605557738392,22.999229323318154,50.072628542053835
120.17607014831104,22.999410251135448,80.28721743666732
120.17604409255766,22.999240035026588,48.74809184257056
120.17602249668793,22.9991570841079,33.08644888536122
120.1760625449826,22.999224678948156,51.39784692703136
120.17605840176378,22.99930628450356,60.62249077934709
120.17606922219706,22.999340640058733,66.74290973768399
120.17607310215293,22.99935743641337,68.88574516035308
120.17609435368288,22.99937486000888,79.08423051651111
120.17611781887423,22.99938993791412,87.77329150218412
120.17610378848647,22.999349818654565,79.75353769047868
120.17601936589475,22.999089336302674,34.434093893399265
120.17604371066818,22.999240673770256,55.77926766280827
120.17605117180013,22.999330479402662,69.67024277933659
120.17603262398886,22.99934318464988,69.20452328259002
120.17602309811052,22.999342161449103,66.22832855477571
120.1760171002402,22.99931403999173,66.86720821085204
120.17611629158024,22.999389851487322,41.47399617325722
120.1760529024551,22.999280305604984,40.95987847184932
120.17603679967863,22.999327772898365,44.906112463234436
120.17602449310478,22.99929874861538,46.243966251659415
120.17600764580493,22.999274038225547,42.60958174548186
120.17601939983518,22.999236316422923,34.43666252466616
120.17607574185543,22.999190804719557,35.82381573749897
120.17613475467626,22.9991968982692,36.11926507298024
120.176206011764,22.999224515039508,43.05703240535249
120.17627704005196,22.999221602639892,43.57142583842147
120.17634826627956,22.999203710231317,41.35081755680882
120.17642158319214,22.999167888145116,35.28370338405834
120.17651264937838,22.999154452582598,36.054075671772026
120.17658793214558,22.999179270537102,39.52796301522974
120.17672180061585,22.999224527415915,53.42179684870431
120.17683439712772,22.999232532623818,57.83879197951523
120.17695860590221,22.999194751823207,53.16995081497411
120.17699520049261,22.99913013778743,54.48377646978513
120.17716980679083,22.999145429885218,34.32208065993909
120.17724767565772,22.999140417798962,32.208762126615596
120.17721732317568,22.99910735860031,57.13638769067729
120.17736401725718,22.999104481062673,44.81458407850403
120.17745888951599,22.999094490245113,45.46104913313791
120.17756827842301,22.999074581746534,42.87498683947239
120.17769991352503,22.999009923057823,35.23124981579177
120.17776743704266,22.99910794305576,46.0543045479309
120.17791123164174,22.998981374066517,33.05515120410571
120.1779901763001,22.999018305042984,40.22642017183157
120.17811354328879,22.999099222315973,65.97505011780656
120.17824172450386,22.999068334197123,71.22479955581495
120.17828571719531,22.99907546155034,62.189321558291816
120.17840187046787,22.999113641235812,72.01801419627839
120.17838886719832,22.999143474735522,55.8773081618017
120.17841446511143,22.999236165315814,51.94699947969011
120.17853754534215,22.999220368683748,60.60699651029341
120.17866441942826,22.999182120463647,69.73385915601459
120.17874722042085,22.999338277259206,83.33608626869403
120.17880581297693,22.99925872929536,56.135784102720294
120.17893540591109,22.99933981373443,68.48325794987886
120.17894379907955,22.999218709592142,50.98192067320883
120.17905459134708,22.99941910353034,60.682693874693456
120.17922321715459,22.999313405785585,89.63540456337363
120.17932841698436,22.999265303634807,85.35856861987547
120.17941023620699,22.999198928824974,63.97361155629073
120.17956261447507,22.99936348930242,84.64458928786773
120.17954554935426,22.999188194761555,69.85798880947635
120.17957378130886,22.99914331327354,79.87938572983583
120.17959591780468,22.99910933507463,92.1769384011784
120.17979195661344,22.999105377193583,64.67380367074533
120.17988228800178,22.999096550771444,61.894925934089905
120.17999305778167,22.99908209801529,57.67256933581527
120.18009829193312,22.999072929858396,54.07209458877398
120.18019676366525,22.999049503106757,49.58125534563522
120.18037827296118,22.999077887734185,55.43974923531253
120.18044997498029,22.99908473076764,59.17810190189705
120.18055191097999,22.999083924092055,61.20258065989924
120.18065559254724,22.999098508686,59.159243236036176
120.18076467844416,22.999097901164603,52.626672444991904
120.18088396912077,22.99910254432735,44.4463631248495
120.18094943845118,22.999136220720942,49.4270318965183
120.1809884618047,22.999162698900715,59.10361457634935
120.18110878153439,22.9991725357326,47.59780768637431
120.18123236279651,22.999202312514026,33.32687275451748
120.18133408515389,22.999120111199236,48.53698877189524
120.18143834041891,22.999121784797097,51.32318771226447
120.18154354819896,22.999117412585118,53.242503139103746
120.18167158197704,22.999302106487054,90.05265997990328
120.18173282641096,22.999200568019752,71.39894324686071
120.18183111757976,22.999172278195275,57.9019278394545
120.18185808594711,22.999099508484264,56.92806453335154
120.1818803643742,22.99908773433689,71.86467988166304
120.18199494568975,22.999106953533673,67.9744511142542
120.18212491352067,22.99913032310268,63.86310927728049
120.1822372610287,22.99912230115114,63.333747968459875
120.18232827329685,22.99910806558222,61.02750744214525
120.18240543301684,22.999120673390298,60.19958018931142
120.18249365731187,22.999101908877826,57.450639855236275
120.18256728371865,22.99909185031447,54.6476244538212
120.18259605608202,22.999122626159327,76.90658718133646
120.18270943914209,22.9991186651472,56.8380829664296
120.18288629672834,22.999122231996985,33.624391914327546
120.18284788809659,22.999086765175477,51.596566082276865
120.18287712691416,22.999063143325746,56.92115405510571
120.18299940084952,22.99907697259953,45.994784071566805
120.18316422134659,22.99912820622365,27.877127345992413
120.18314385937224,22.999100959866254,48.293016975430476
120.18321124553808,22.999111306850217,48.13769268137627
120.18327916183628,22.999113476327246,48.39817853007968
120.18333851790518,22.99911886552348,47.095538998063354
120.18339011678717,22.999150614641817,51.523380733184204
120.18348455663559,22.99912691893005,51.76288224286402
120.18354057931744,22.999069968807326,43.702149338724084
120.18363455678818,22.998870842054657,13.179554015049597
120.18367691878443,22.998891709803047,21.38956007889597
120.1835805431366,22.99905901356255,29.77036411711548
120.18371088883352,22.998925475782162,31.29749826307839
120.18367942066085,22.998993191916455,37.54555118702569
120.18387163919948,22.998682563779035,13.514242110550471
120.18385415147924,22.998732207375312,19.688264670637697
120.18387269968902,22.99871196795553,15.938543329146217
120.18379794829073,22.998794142046034,7.036954425517763
120.18379572407493,22.99896348053034,42.61619970393978
120.18382924496728,22.99884072862384,22.675846165473136
120.18390033579664,22.998786897958187,31.646392073568954
120.1838397471388,22.99891049278761,38.561463488607195
120.18382413581145,22.998941503888595,39.02722549276608
120.18377041662751,22.99903089125026,37.16847149567235
120.1838629387735,22.999009051996786,46.79889094201738
120.18386072213421,22.99902929375182,37.113961585625525
120.18396208760235,22.999023360054725,49.844030460091396
120.18387682029193,22.999148125796424,35.57689210452663
120.1839684446768,22.999144400687314,38.762034232647636
120.18409408368717,22.99910944176134,46.45010994299671
120.1841566756318,22.999143092511922,44.81883561799849
120.18426044260355,22.99913425861465,44.57160936716673
120.1843567721527,22.99913890030668,44.201999119606356
120.18446773500358,22.999135597489865,44.718585987032796
120.18458099785171,22.999130136282655,47.09638634721349
120.1846762526412,22.999175476814003,50.40730581118395
120.18477893267341,22.99927812932092,57.56500319589393
120.18490517837074,22.999259641937474,60.35993948562103
120.18501468615948,22.99917222922876,59.69571922949556
120.1850885629961,22.999142369585037,53.565512425797195
120.18519107267768,22.99915754135707,57.46773687457141
120.18528709064412,22.999146452448937,55.64557946280294
120.18537487145339,22.999114415559823,54.354793614489154
120.18545079089375,22.99909775364148,53.71531991727135
120.18552598385472,22.999099736371026,56.00827815891761
120.18561405893448,22.999074668981304,52.40858155473327
120.18569186574494,22.999056110470953,51.81908835904981
120.18569581049697,22.9991081440567,43.35926215815324
120.18584918338712,22.99899755398116,46.46154848666176
120.18599282217012,22.99919979299297,78.1401057569701
120.18607619285947,22.99919671180809,75.95164383332946
120.1861487071333,22.99918555255743,55.76738090234955
120.18621861300639,22.999164624797775,69.5636817084662
120.1863040902966,22.999078198620868,53.96083668723454
120.18640498931195,22.99911853958774,62.37020354775303
120.18646272311692,22.999049610558696,54.42144171065933
120.1865097282658,22.99895517234714,40.68288564171099
120.18658619739189,22.998928540012397,38.83612246272017
120.18637005185876,22.9988625906035,113.56185656353519
120.1864009919785,22.99886467840403,128.5432768446256
120.18650279651604,22.998890982295823,128.6083078270276
120.18679099711741,22.998951018595438,83.39602836697627
120.18680337030882,22.998980885510726,117.03063977463859
120.18708948103308,22.99909985108663,95.63177913179027
120.18719232783049,22.998953077298346,55.15105294720677
120.18725212821188,22.998980770281314,58.38257707356259
120.18728771577065,22.99897679472336,55.09524540685092
120.18734564156985,22.998953578337492,48.512170223371314
120.18739789200279,22.99896873899483,49.55578115178719
120.1874399040271,22.998986839945786,52.011921456638945
120.18745731046545,22.99901726356891,58.262371128405356
120.18754098068892,22.999033635138883,53.7981023722013
120.18764878735325,22.999013234639012,53.21621034368541
120.18773643384871,22.999003698359573,50.54253529098372
120.18781872918485,22.998999543581878,49.28502359994756
120.18790198466408,22.99899540972454,51.20459495065495
120.18795692363284,22.998982311098768,50.34749938625702
120.18803333411029,22.999030298403905,43.89256741159274
120.18810835184281,22.99905792124356,50.577403583571474
120.18798273976911,22.999006467332745,97.90765313869773
120.18767307827558,22.998908630197285,183.6150457446173
120.18756262052264,22.998852294452796,221.22816027581496
120.18770748139931,22.998864010263887,202.1651768843012
120.18785099585584,22.99886848739422,178.42368692350692
120.1884723200576,22.998985802525468,41.40898539994861
120.18817465521201,22.998928601848416,129.74785293283082
120.18818232600663,22.998945106629478,142.0107524660334
120.18824670904888,22.99891899120259,132.58489338901367
120.1882565757768,22.998910613858612,136.79384248836743
120.18831219239694,22.998964970697642,132.51138091690441
120.18848808903041,22.99896747660095,111.2412465436558
120.18882635301561,22.998974664592666,50.882465185409785
120.18890130524187,22.99900808659462,58.20574043122233
120.18875356527114,22.998958287151492,118.13240458060372
120.18875275810915,22.998975298840065,135.74124048765074
120.18874870593032,22.998947136338884,156.609041554731
120.18898690161129,22.998935556736097,146.95441458217135
120.18902405997028,22.99890354387312,146.30748238396419
120.18917613024826,22.998880592214505,134.47788355595458
120.18922014535228,22.998960702141364,116.56577031148335
120.18924350422857,22.998892633092133,131.34636523472366
120.18950707926133,22.998915443951933,98.46504291999587
120.18958465578177,22.99890160875334,95.9717826551702
120.18960692166797,22.99879992254362,92.9179526105639
120.18965272895126,22.998858470748026,116.80258831339762
120.18977735379423,22.998821955819565,104.37201468820756
120.18979887586072,22.99876369803139,105.04975954884911
120.18968451570996,22.99856681250569,95.17929492882928
120.18975060843623,22.99844139485175,80.2504272797235
120.18970911948566,22.99837694159297,61.62845903052321
120.1903829195442,22.998081537126208,-85.1653900933668
120.18991344245285,22.9991339844243,228.86968384294266
120.19034000117509,22.99862226940894,59.50358654337452
120.1903518959475,22.998722302537555,63.94100147195301
120.19039744389076,22.9987662777068,67.21515547275209
120.19030897424426,22.99901624888715,38.16631205677697
120.19040413164495,22.998936447961185,6.650658583704227
120.1905467393561,22.998846203207687,11.78562607794062
120.19058679774018,22.998929681305082,37.52090221169776
120.19070300859612,22.998832878124958,39.942035250689344
120.19071499383185,22.998966342034972,35.51357951992129
120.19080854062635,22.99896366886968,36.38330677109433
120.19080866243283,22.999061204235307,26.589439377502984
120.19089007900179,22.999069950617894,36.391185955399095
120.1908515118576,22.999156693694452,35.01114550411337
120.19094414911874,22.999135414043618,41.955494234124544
120.19103425833605,22.9990958410918,42.71321740172928
120.19099202631402,22.99920935474525,30.326914417458315
120.19096813056395,22.99927509899853,34.209864590570206
120.19092460226734,22.99932841343562,38.43995393074136
120.19091060993064,22.999338130180263,36.99196872357311
120.19092773246214,22.99931038205093,30.133146091579107
120.19085482190441,22.999509167619202,49.54218790816675
120.19079269405869,22.999660268676287,41.12234902293046
120.19091966513358,22.99947449870514,50.289984453114855
120.19092670707039,22.999323536854508,40.19057681281878
120.19098250164508,22.999215567922892,38.868366826156006
120.19092517870145,22.99932061214234,31.631927616675366
120.19108310951535,22.999227644782046,43.9867276644625
120.19108665048849,22.999254716796234,41.89839888243234
120.19108723129239,22.999276223567964,38.36354036862262
120.19122304113417,22.999328068318416,43.0604490449558
120.19127957896906,22.999454905159336,46.337330477697584
120.19125146177856,22.999541004227478,32.65508199361221
120.191357959234,22.999561377905202,43.735133149275775
120.19151794404934,22.999514339693462,51.28979560989371
120.19159064339271,22.99953669289158,51.26010432108923
120.19153154148482,22.999719547189702,42.91242659514914
120.19165223327076,22.999752687333714,50.64611793989226
120.19168735354053,22.999789480349808,44.81934473133218
120.19179397032472,22.999807095546792,44.715488722113655
120.1918561132544,22.999867653815404,44.40587807511739
120.19195930566765,22.99989063116335,48.96788298047027
120.19208146904636,22.99987180484416,47.85893968737086
120.19214427949349,22.999933597771587,49.21866587214029
120.19219551667756,23.00000150868217,48.99530236815554
120.19222785029798,23.000129930283315,50.43014010395471
120.1922870484929,23.000181257590967,48.849269190375026
120.19236029203937,23.000240257052052,51.119569225788005
120.19240486543146,23.000291887259216,49.37653748456454
120.19245280019211,23.000335321278445,45.67269896690534
120.1925659462544,23.000330326865367,44.07299059336099
120.19262101372449,23.00047518323112,49.192069971376306
120.1927020015973,23.00050121118721,52.740689535559156
120.19277188914883,23.000582021480813,53.10729554383329
120.19282642356418,23.00064629553831,49.10953246728633
120.19285386146797,23.000752887667577,43.714858478341654
120.19293657029473,23.0007569288566,39.83852568020972
120.19299659654118,23.000839322643657,39.16307843917705
120.1931271049029,23.001015671659676,38.45391744421651
120.19322347926682,23.00106378463483,38.416173110782296
120.19334639766663,23.001053863856292,44.22978059958895
120.19340782215504,23.001099870919315,41.639078385742415
120.19349014416377,23.00118445828177,46.96931236342931
120.19353265107453,23.001308377231066,48.36199588577149
120.19362997486286,23.00129140514513,44.17077884361171
120.19368139164065,23.001349805517094,43.259673841036914
120.19375219506682,23.00140469160075,40.08033145194358
120.19382747144465,23.00142307543839,40.36041294318419
120.19391009954627,23.00145778099139,39.867689336450674
120.1939722357976,23.00152717133828,40.17120951557938
120.19403576846395,23.001542686699363,37.37726031750277
120.19411027543693,23.00158982791086,40.72125450928198
120.19427343020277,23.00165270271151,38.38166308122055
120.19438815298331,23.00168212157064,34.88172192284442
120.19440514319844,23.00174913656716,54.535759446555964
120.19440783665709,23.001815463246235,84.81198775216981
120.19442714553195,23.001852373503457,101.40485276018
120.19475100924325,23.00190750593399,87.79978519856743
120.19488528669399,23.001886547008827,69.60674668956415
120.19498886555117,23.001858110563465,68.39003578228963
120.19506100127546,23.001865864484824,65.80854802920783
120.19509044092113,23.001863414975578,58.48860709235579
120.19513482725276,23.00184562001138,55.15865373571705
120.1951583611898,23.001833821404688,50.17517402136012
120.19520757971152,23.001813785595118,50.99075477011627
120.19530059219296,23.001812182972657,58.93412320532673
120.19540557724262,23.00190669868827,70.83055170562068
120.1954042015092,23.00185244730816,74.04455748003402
120.19550055305741,23.00208394795466,120.51468036988439
120.19558860581003,23.00201364215663,101.21683258484651
120.1956306117527,23.00200184592718,106.58194858018825
120.1956976165148,23.002041216461336,113.97689763164448
120.19574326132312,23.001976825378577,101.48924226322197
120.19581170845477,23.001957096738952,102.04999022280742
120.19590283714508,23.001942089317257,94.95443786736983
120.19598519613407,23.0018904590877,92.81180806650568
120.19601565001851,23.001798784303695,106.77221578520937
120.19603906149136,23.0017655036172,109.34566377885865
120.19606191595962,23.001734358822116,105.3577949189945
120.1961049967214,23.001717645924785,101.11350075937692
120.19613352684291,23.001691658859126,101.6495461806762
120.1961696497231,23.001695563300164,96.05427125843171
120.19619480549379,23.00171668215567,88.92219300459826
120.19620996675641,23.00171230751012,84.31974629124637
120.19624285779615,23.001708409712037,86.00807797426557
120.19626456021892,23.001670365592567,71.88040144002592
120.19627879526931,23.001671353705387,68.63554710991619
120.19635087143647,23.001598365405314,70.22669727026403
120.19636717490356,23.001629153741025,60.751772755230995
120.19644492313915,23.001521715583205,55.63162575717297
120.19649141019471,23.001407644327397,70.75038920212656
120.19650652746111,23.001407547839488,72.93484569949001
120.19657650714046,23.001390297284395,85.79918549424404
120.19675820097466,23.001317989677553,70.92990159640188
120.1968907312299,23.001414381907043,79.58415923630935
120.19699058549966,23.001448570139384,95.14360881670896
120.19711845916153,23.00144439462591,98.16885641533233
120.1971290616516,23.001266173310153,97.00879056428433
120.19757509101629,23.001305948230485,130.21643274594422
120.19765860221595,23.000919378282717,61.23639410717607
120.19768831382748,23.000910003346142,69.10648486615054
120.19773880241529,23.00085580740624,71.46475981119868
120.19782140011847,23.00084433590468,68.4289237776126
120.19784927654536,23.00084702339921,81.75290438191811
120.1979498246299,23.000811867950024,75.18025550569565
120.19802515583116,23.000836661963096,72.05788377623011
120.1981452863282,23.00086209546002,68.63433552732936
120.19820534453004,23.000949879588237,53.18187335591691
120.19829853186819,23.000955596626646,46.23460482920594
120.19836248155026,23.000831245036753,59.951832929194396
120.1984119959832,23.000793006866154,66.00347345158781
120.19843672381583,23.00078402227037,71.22423203824385
120.19855050836375,23.00075685588877,68.72049123738155
120.1987743455436,23.000671929007755,72.59770536584037
120.19835627458392,23.000922614260446,4.140113334840752
120.19903922835131,23.0005152398559,65.02460872864648
120.19909351673964,23.00045966039888,57.23887399903687
120.19913039516969,23.000384776381566,63.16909355299943
120.19914669396299,23.000351521276418,79.78451898126069
120.19917956735003,23.000313658597328,89.28080614776854
120.19922693886753,23.00032480258155,91.11863564736211
120.19928224017048,23.00029810980951,92.47056476120174
120.19935321345336,23.00032461296446,77.50045384348856
120.19951707670833,23.000356649707157,89.93262799069566
120.19961280312047,23.000323180326333,97.96953595915718
120.19961872504446,23.000279572118426,118.86493878730703
120.19970856650713,23.000256601261203,106.08987769997563
120.19975677021152,23.000169485256855,122.86804766839025
120.20012609263047,23.000103041123882,56.661213015670434
120.20029540654,23.000071934199127,67.9223591607006
120.20032371125913,23.000049881307568,77.80455369418408
120.20035394106046,23.00004316148092,87.80390676380144
120.20045451057237,23.000031260382368,69.99450952791564
120.20048076152028,23.000060838028578,85.05216694869627
120.20057501228548,22.99998767075564,104.4601169165707
120.20073360735982,22.999987991424987,86.25699460316811
120.20060213380991,23.000052811869747,147.50154639983705
120.20061732372908,23.000010287062544,166.7537455165479
120.20063548942358,22.999981511221876,162.63311640437684
120.20104898443304,22.99996688965613,65.48679228069071
120.20097976278578,22.99993368679269,94.9497491603373
120.20112671431245,22.999880127531632,74.04631416853039
120.20117044707928,22.99991699220737,76.74060452929162
120.20113997688371,22.999895358167297,96.17662508495393
120.20125018650015,22.9997803534609,63.000659957767525
120.201231371366,22.999932407137415,65.83406628120542
120.20127262652831,22.99981215539133,68.85586984307731
120.20129561605727,22.99987692172947,73.03031981590212
120.2012752883503,22.99993676792863,76.25897459071089
120.20131598182327,22.999918689425062,86.32701269894972
120.20138052304947,22.99980829337193,49.960799427943705
120.20136825528976,22.999535231591633,59.66433618385521
120.20140160684736,22.999705784584147,65.44998084079333
120.20143967520623,22.999723016373007,59.39214127091302
120.20159967588076,23.000064859306057,59.60668967473121
120.20169617806856,23.000600552749454,112.80256398290238
120.20152856973277,22.99952658778405,64.70977688351498
120.20132351364373,22.9997696427428,59.70065174781724
120.20131794533889,22.999763223243725,70.42966541822051
120.20124480022015,22.999716209901198,96.49157289399398
120.20128393316656,22.999730964891516,90.9159780021866
120.20124616501826,22.99980307289686,93.88455341101304
120.20123604315863,22.99984177606875,87.27794644891739
120.20115931279044,23.0000388737653,104.71825555106508
120.20120867174808,23.000028237617368,106.38587895097466
120.20125434780998,22.999786419932377,63.31342834290786
120.20134610271671,22.999943891422546,59.84434338032118
120.20140820465731,22.999921462080998,25.582442256539167
120.20101294462621,22.999636312653738,150.49426697246574
120.20071483978397,22.999841104863222,217.13845560653564
120.20144035817626,22.999903205576853,29.60166633275192
120.20144386571228,22.999920282178117,28.663637094418217
120.20151098018343,22.999577081458142,6.524583679356325
120.20146531822876,22.999801719812208,53.60509547632674
120.2014989704679,22.999725018755655,55.49435103296675
120.20147035711489,22.999769187922514,70.38253062185859
120.20148907497286,22.999793939646118,75.07158639732509
120.20153315351904,22.999756894548344,71.3389909721897
120.20161690091057,22.99958998444013,61.58524932412438
120.20150266895973,22.999650691527805,70.44899337293765
120.2015183975252,22.999578369929655,81.45219207927707
120.20158376038232,22.999527774877727,97.63265391906612
120.20170856505428,22.99948370563048,112.36394301944269
120.20197492020658,22.99952718072331,46.91964030624439
120.20162274550334,22.999465142835174,162.62132964309635
120.20215422555052,22.99944557847804,54.75105000277407
120.20204936859905,22.999477378526556,93.36124086553792
120.20213728345293,22.999454983400216,103.48430589889843
120.20224637398154,22.999413603860425,92.94942044766542
120.20240971508026,22.99939399181104,73.00135226612463
120.20247363291914,22.999435555215886,72.42134957454725
120.20247105407388,22.99940569046176,88.62638736401453
120.20246659945016,22.99943716967045,109.68556628056393
120.20251036694884,22.999460545242133,119.51408091831549
120.20253347699867,22.99939972474746,112.88415256060621
120.20263053693903,22.999461492526414,115.78014047566185
120.2026714582284,22.999383566876627,102.32784103768896
120.2028837257281,22.999441703781105,82.11134593242515
120.20285596638851,22.999328886801617,85.85949014137303
120.20294974950309,22.999210426065034,68.15934005811074
120.20305312868324,22.999221878983683,70.40930870496628
120.20310518250325,22.999159803137825,68.30143190247422
120.20317571229121,22.99910567666378,76.73009136886182
120.20322710676322,22.999069300150854,80.7232964134833
120.20331043360564,22.999078896501814,83.45793578393048
120.20340936600229,22.999061791010366,81.8923325083815
120.20346945412487,22.999029141936962,84.53934897270993
120.20349188635407,22.999006362775763,93.37819943335822
120.20358092699797,22.998978210241074,91.8662426531095
120.20355881782314,22.998937618333187,121.12884445194267
120.20364995529046,22.998901126152305,114.76921556583838
120.20391176257642,22.99888453057653,73.26129420601593
120.203874328706,22.998856194939837,99.39489735042024
120.20396514387085,22.998812428741886,90.67836186851686
120.20413432408411,22.998763942546145,80.01122819461925
120.20415464195379,22.998744171055456,92.71557721997593
120.2042826610281,22.998765656962917,66.22672878296717
120.20438047171551,22.99877322565569,65.14350533236743
120.20452021465947,22.998716086178426,77.03387164841375
120.20470515852999,22.998646584598454,87.48563965906169
120.20466681102076,22.998770342491675,75.69903407710031
120.20472862464244,22.99880910091598,82.80001433179869
120.20478710936749,22.998738605646388,91.09950681731924
120.20478174963013,22.9987250047863,103.79722672000928
120.2047659097616,22.9986574251058,109.56238391049946
120.20471545283715,22.998591646281973,126.67290577372312
120.20472614532139,22.998514310419083,121.00495872032025
120.20469858858459,22.998490910209547,136.60567504476404
120.20475737100747,22.998525326125574,132.71758214161702
120.20482385463607,22.998501923446923,127.08460077173905
120.20467620828727,22.998473978826638,169.16732645853295
120.20488279872234,22.998470914650163,122.1775714149261
120.20484192298527,22.99842020317376,119.5316777553777
120.20486103822624,22.998508442480865,142.4087716855534
120.20507831995035,22.99850113485242,110.0199187541205
120.20478919587578,22.998512931654464,145.11180509617913
120.20475293851024,22.998472675984324,164.88867740269242
120.20484972753697,22.998614677037853,156.4066942568192
120.2048941958648,22.998646621677754,149.77553555917711
120.20470140530966,22.998663467642757,208.5495829003636
120.20459537819053,22.99864753838148,242.2911742795957
120.2047314695851,22.998696627485014,224.07163748574195
120.20480174447384,22.998714493224508,210.77110985280797
120.20480006033512,22.99868305772852,196.0989494155987
120.20465398656819,22.998587944976936,230.8482169979176
120.20474126225281,22.99859782572002,206.47077926440082
120.20471264244544,22.99864667637148,213.18640569271918
120.2046676692825,22.99863195566291,210.5407973496768
120.20466094373126,22.998694053329228,216.54432369820296
120.20469505725279,22.998726963293763,182.3774041081502
120.20483717648122,22.99856598449855,137.0359679739484
120.20489249498536,22.998550330037506,105.66266096353338
120.2049426273705,22.99851637141685,95.18894968731699
120.20476452930039,22.998517130595637,69.41057388331151
120.20479983345314,22.998416342096668,53.34261656879958
120.20486763444391,22.99828957716913,72.6252622179528
120.20481581063717,22.998353029504344,96.92832527159119
120.20466546214814,22.99846391970978,147.83685514589178
120.20475886372297,22.998511341995545,156.9182567122715
120.20497960902465,22.99859674602498,130.96702693966043
120.20505603659959,22.99882473659266,160.62600864197395
120.20492728686261,22.998757640207707,179.7028021897414
120.20477630388001,22.99867310412997,176.65253447952122
120.20490132248689,22.998617221738684,141.02976608513293
120.20490517012902,22.998655004938826,148.03670674770217
120.20490719175915,22.998684406520077,146.50277507678675
120.204994412226,22.998677595723287,130.63255458040314
120.20483604400592,22.99873452516119,212.11706328024894
120.20463556030518,22.998737593319238,253.64385365855586
120.20480526306403,22.998834485824357,256.3312188734575
120.20489292224703,22.998879290010372,244.11953561673803
120.20476637153283,22.998919224022732,236.05127638183478
120.20481877725457,22.998835929898757,234.62707998447678
120.20488944163652,22.998749831875624,227.5434502044314
120.20522478385588,22.998800829999038,110.09782419183519
120.20475217585313,22.99864616190187,208.33621959377257
120.2048159586817,22.998611687434558,191.8043002512032
120.2047525712741,22.998542526770205,200.05112526348753
120.205012074187,22.998461576715993,130.25167097287292
120.20517846103145,22.998424959422362,85.85952646917275
120.20541408495555,22.998442662858547,70.38414875811768
120.20564655302655,22.998385297431216,64.82985137953429
120.2058305385599,22.998289908248005,48.81311854802721
120.20586221423405,22.99828915456818,76.5609289672084
120.20590459369055,22.998281301209254,85.00496493067985
120.20608346623457,22.99826641785228,82.15836292509015
120.20626510071884,22.998088450311812,51.34673031410281
120.20630231822055,22.99822380595678,64.98048359803063
120.20638948503382,22.998217170558558,66.94399516335739
120.206497361584,22.998197724421583,69.78630299958661
120.20652178287598,22.998213337107302,71.36782059270955
120.20665072342099,22.998108644543954,113.75354333452016
120.20657644773442,22.998110372953295,137.95121087741572
120.20665380055557,22.99813132599423,122.65634204829311
120.20665906458287,22.998130213573077,123.62643423335096
120.2067875382766,22.998156482559097,115.51548765953886
120.20690804059288,22.998247466442077,111.14615998276135
120.20712893400865,22.998202160433536,83.21796019820619
120.20715970312138,22.998099946832756,94.27734196769826
120.20729185921887,22.99802943632502,77.24260330352558
120.20720297067047,22.99813802126103,101.75075483854016
120.20743257878883,22.99809733259547,112.85467443679994
120.20760796042721,22.998076832964976,81.0588961234549
120.20769334212324,22.997999437300034,78.89283456658971
120.20773618022474,22.997921360331215,76.88280870193857
120.20750903406416,22.99779643115859,157.96173028698288
120.20768711397034,22.9977669911806,149.51568826260944
120.20804296103655,22.997808549106217,103.80833767515486
120.20821568969677,22.997785978197285,87.87237615041323
120.20846029436316,22.997716724398536,89.03152109683892
120.20850521625154,22.997743605982453,75.67253408051151
120.20854268382263,22.997705239900085,39.61655913188563
120.20864753436476,22.99768700818838,56.9263463691843
120.2086885302826,22.99772461047606,94.4219176571163
120.20857320110682,22.99780261679226,95.26131001487677
120.20868319294819,22.997907272666286,79.72087336006874
120.20874664070028,22.997815218671864,102.96919864231904
120.20883841616985,22.997755395027152,67.07078285590063
120.20877815953268,22.99793633667823,84.07144294278008
120.20885716642137,22.997917104400337,89.55532761817233
120.2088833801321,22.998005711021662,107.98217545282365
120.2088984107903,22.99784853383823,87.94682891194665
120.20885512882832,22.997774143132087,63.08651115435162
120.20893357872386,22.997845571231583,80.41627077411498
120.20893018167374,22.997955589915243,83.50396202380873
120.20883945873443,22.997858939254783,32.30926278013138
120.20889812642939,22.99794536107438,62.289518150727055
120.20899340505682,22.99796038966657,91.64224911929927
120.20898996651353,22.997742930752263,73.5902675574092
120.20899199250417,22.997815482513282,75.01661077873162
120.20903120503395,22.997919187511076,75.33541455043401
120.20902078473668,22.997865977126487,56.060946338820806
120.20902888801832,22.997934510240615,67.26713333580312
120.20912727344088,22.997975786881135,94.57150243555567
120.20914184863015,22.997806532269774,108.6137057117833
120.20922385124402,22.997973994683882,136.4677819799974
120.20924041451694,22.99806174897054,138.49665207012768
120.20933875456971,22.99807968205101,171.00138416275018
120.20951101247192,22.998008061171063,142.07177759500354
120.20982542976755,22.997810637829286,96.09033658705606
120.20977322969313,22.997875630955473,145.2031351341636
120.20985286705857,22.997821087641995,155.9748169806719
120.20997985976638,22.997773964405955,111.66463962318038
120.21000134146465,22.997824059954798,132.39011347445341
120.21002115675971,22.997792367719832,150.10794802065033
120.21007705407123,22.997670837113613,135.24007013902204
120.21037740663701,22.997637169801894,71.72045736531582
120.21011132623806,22.997589068547086,177.23815020497338
120.2103156373566,22.997540194277278,150.78177335377077
120.21025494521417,22.997515567247163,168.54622519207666
120.21035860101091,22.9975163601722,174.0553143192123
120.21082167308748,22.997559753537065,73.71276615552897
120.21082156735359,22.99743587184976,83.32713480801293
120.21055995036436,22.99743290602027,168.40944672406934
120.21057860976383,22.997418582080435,177.79405568706352
120.21052191653143,22.997365446397154,208.31107896352907
120.2106112655946,22.99738553504794,206.2243428200523
120.2108339750882,22.997380589354343,176.3989494083317
120.21128291130785,22.997365196703935,96.16270325754752
120.2113746504106,22.997321439786543,84.56184274295063
120.21141515337747,22.99729155572124,72.82057732420296
120.2113487294162,22.996930661773074,4.479201733264116
120.21162706914097,22.99716805931613,67.6073403101205
120.21163725648924,22.997126940208616,61.94838410986258
120.21164729857472,22.997041938257293,55.909012806143934
120.21178937943384,22.996727754716034,26.841513756033216
120.21172454146702,22.996701887256055,27.296139189158215
120.21167051859376,22.996829086042784,52.7060001581799
120.21164362340595,22.997018757374995,85.07703929395181
120.21170480279677,22.996951966564893,80.96214449967144
120.21171940133623,22.996918030894015,73.4275474594623
120.21176560529972,22.99699961670614,83.35501287684473
120.21181394516209,22.996998374620613,86.26404828176523
120.21182688547854,22.997053917254263,91.71222030578068
120.21181008962279,22.99711545267228,107.07674612625212
120.21184533989123,22.997220570481943,123.02584630639265
120.21186424486439,22.997067588594646,102.59854428194367
120.21192537054277,22.996998868307507,86.52163954003343
120.21196321678786,22.997227387622143,113.85645454396665
120.21190972598822,22.997098221523398,93.82561196528553
120.21192009289679,22.997081658040305,114.43122974191155
120.21194275930354,22.997152779764164,117.2585822601697
120.21193642884668,22.99718018164201,111.41632496147291
120.21192525047859,22.997250355792726,115.71489841996107
120.21207249302394,22.997216476583525,130.92539373369115
120.21203646660638,22.996990973297446,95.07358465658129
120.21195031136224,22.996857120021364,72.77328291414722
120.2120424274681,22.997201516958217,134.10617952621087
120.21193270245888,22.99683675801107,70.5857831518683
120.21194870513143,22.99680085470296,66.8105854304888
120.21201834980646,22.99697835898417,100.04296254165088
120.21200532597727,22.996953232608913,91.29854866472917
120.21204314182849,22.99701511183625,102.9016762644799
120.212109228975,22.99702033368279,108.9769099726322
120.21225317883011,22.99750078503048,188.7672703882882
120.21225949609304,22.997644552058347,210.1982221734616
120.21224411727145,22.997757457561335,225.00829935922698
120.21228657935083,22.99795895326909,254.9717652154626
120.21221698977524,22.997715129103007,219.22340414231172
120.21222939013221,22.99754304966872,204.77309713526887
120.21216453806493,22.997219049826874,157.40796106825593
120.21214184023486,22.996907965526468,109.9116740078682
120.21206715088177,22.997109058992056,133.5140407985755
120.21216037501961,22.99732947303148,168.48582973706314
120.21204779082393,22.997107328081405,121.63105911750816
120.2119651316636,22.997009647055503,96.34321814156243
120.21198444859863,22.997112016263937,111.20728618848706
120.21185040511288,22.9973234312907,102.68328609384041
120.21189096732428,22.997387162860186,115.54679986851805
120.21211581167618,22.99706508989934,122.59954803752328
120.21188262301551,22.997122150011016,86.10371586837476
120.2122311175675,22.99725282665575,161.53348826248586
120.21223466882809,22.99712133314032,147.22364771612865
120.21200107221279,22.99726234707563,121.66189495733259
120.21193452971566,22.99724083643951,102.43019335687706
120.2119561231321,22.997158830971618,94.20922400471382
120.21192766445294,22.997138368000346,87.95990175250469
120.21198991464371,22.997101342066493,95.98249994854596
120.21201734856234,22.997019122348192,94.53968321004594
120.21195330820898,22.997160583060932,102.76775685359698
120.2120449375463,22.997269843581524,133.02600935858655
120.21196867796897,22.997086956654915,94.03249200648999
120.2119852549494,22.99701292436043,87.34127485329083
120.21201815759784,22.997032160989928,92.98814245340105
120.21197416131129,22.996974596172574,73.85069009420944
120.21209887573882,22.997019195485905,90.12919237722446
120.21217868219057,22.996863406563218,72.21620686868916
120.21220828157483,22.996765616688236,55.66194229597033
120.21227704889913,22.996776774546248,59.49038395878813
120.21228796935233,22.996797963166397,61.85951047356492
120.21239455425736,22.99676135495315,68.00448543972368
120.21244472982727,22.99681273298951,70.13423975458339
120.21247426923856,22.996823978198314,70.56885094027909
120.21249990274262,22.996820917185087,60.587322148027376
120.21243303501421,22.996911483645068,71.29262615547327
120.21242974928053,22.997074443093133,67.79965279702007
120.21247811595481,22.9970316874893,57.217963927720945
120.21247040505476,22.997018251605006,44.182165397066164
120.21250019171289,22.99731835933392,85.16780878706243
120.21256197353578,22.99734750482682,88.65780812234756
120.21258074379564,22.99740437013188,69.29001066139519
120.2126169650089,22.997532284692536,88.43789492655667
120.21269623611906,22.997336703241736,55.97618633551677
120.21252193896251,22.997501897632702,69.26871053130319
120.21256395755402,22.997495843725588,78.10087172087825
120.21247722752183,22.997674401858987,96.37138686053271
120.21256130478744,22.997680969625435,69.25835979291439
120.21265456900035,22.997722658048282,70.70302380364599
120.21269961623095,22.99784143385725,72.8698826603982
120.212768397676,22.997960542526638,73.27415714263033
120.2127837815707,22.998072062123608,92.22760902127915
120.21271858131472,22.998139127243412,97.00381670261845
120.21273583830234,22.99825143579525,129.6604790379432
120.21266898250505,22.99834299424303,122.18007962418005
120.21251341103263,22.998418411541515,116.65160200512429
120.21251034116185,22.99850228327713,118.23150281775246
120.21253662465598,22.998591634838483,113.24247161091935
120.21259628375655,22.998624758019165,96.7552206850516
120.21266212137836,22.998699547137182,74.10073523966103
120.21279160955704,22.998811540477465,67.9202631796863
120.21280364631686,22.998868462398406,69.3500798005312
120.21283164696216,22.99895812207399,61.477633133337655
120.21284177708581,22.999017377879966,60.999828982498244
120.21281961080648,22.999076848272594,68.17951784725572
120.21279504597436,22.999134043372834,76.47666268706637
120.21280257211049,22.999176930188188,73.66764279968977
120.21281416660472,22.999225582342763,77.22640725827549
120.21282144397976,22.99925602602123,80.04482763101352
120.21280938544008,22.9993120492662,87.60370408950118
120.21287878652679,22.99940093928718,62.17244132411745
120.21280631813862,22.999562949779655,75.49797641577945
120.21285081451138,22.99961069648504,67.92265178647759
120.21287362843889,22.999631603488094,61.01943128264329
120.21289801669748,22.99970159899782,64.41543340305259
120.21294031673004,22.999751339131684,66.00308637337865
120.21293728746895,22.999840483103473,70.59608730382125
120.2129469750633,22.999915280595776,64.34244419014654
120.2129548104332,22.999967826746218,66.88349126218246
120.21298546579675,23.000024161790453,65.38134440697426
120.21302325343298,23.000080207086924,61.553861601187556
120.21304755407954,23.00013423272868,61.88629474077046
120.21300245617715,23.000195401401342,81.37674561735791
120.21300462959118,23.00023682726643,84.40592921971384
120.2130479794273,23.000288557104426,73.65916473008768
120.21308372021137,23.000346067946033,70.17386750742618
120.21312083699098,23.00039547064683,63.94029245530577
120.21310052711769,23.000470744762556,75.0868315857977
120.21315840876942,23.000515795505187,57.58373483713216
120.21317022017236,23.000573245734508,56.65104443235961
120.21318555355757,23.000637273331176,56.41784269791498
120.21319978643989,23.000690952862136,56.43966826706577
120.21322344068209,23.00075598566754,56.6132179152981
120.21322053125239,23.000811820272183,64.55051757437896
120.21312161494632,23.000872135973157,90.26178844623146
120.21301810326186,23.0009155973134,114.12503234548153
120.21285866611518,23.001052499645823,142.84924729710332
120.2128089266051,23.001097604912975,162.59277094264468
120.21306533322385,23.001149968680867,84.08405392802166
120.21320281090563,23.001161867384845,62.47123671796277
120.2132004080648,23.0012251117431,56.32891017723999
120.21327558928152,23.001204369697284,58.61391990325052
120.21329741365464,23.00120697593769,58.12690196730238
120.21330606704987,23.001228570934618,57.46873227786834
120.21333138347099,23.001223380389014,55.92185721120612
120.21333931172748,23.001221440527598,56.18968073601522
120.21334590915326,23.001215282646797,56.412779397913866
120.21334021787426,23.001211805485276,55.94117834741216
120.21335401751038,23.001210121542893,55.604552659371116
120.21334535321365,23.001222621687624,52.00118303817743
120.21335914736964,23.001219328001135,50.32185698695421
120.21336210617734,23.00122649831041,50.088434613577306
120.21335555696528,23.00124481182199,48.605328856799666
120.21332665877193,23.001273877090107,45.99424974336278
120.2133497381236,23.00129717183764,51.28381925145951
120.21336123679167,23.001334313347424,50.3274503431019
120.21337058390723,23.001373293953375,53.63038875755592
120.21336634123907,23.001418050911443,52.99386850854269
120.21336226302793,23.001450967343455,51.8277728202998
120.21337434375816,23.001485521945938,50.99174556896296
120.21338770402762,23.00152358141433,54.13297528319554
120.21342043935672,23.00154886909633,56.19419244431419
120.21346989031063,23.00159132740819,60.11955669706159
120.21351402560438,23.001571932062557,58.22785765591953
120.21353895849049,23.001546417784756,54.037827044578655
120.2136094499552,23.001484853602232,51.521148255180115
120.21363284096702,23.00146124746085,48.724568584051354
120.21366583852928,23.001434286031248,47.44447170031463
120.21370163049771,23.00142917807679,48.38003207948424
120.21373820673226,23.00143092667179,48.994184141885924
120.21378270329926,23.001422389206652,48.996893749304306
120.21384213673818,23.001430955310898,50.290793773218745
120.2138949031921,23.001431605541136,54.09765894712791
120.2139455322073,23.00141913518243,51.331272759034796
120.2140076663112,23.001374994018324,66.9875237282193
120.21398304867915,23.00142762725785,51.83757484733067
120.2140005039167,23.0014914569731,1.7197012574358639
120.21422068272724,23.001551410862916,0.743170344054679
120.21444515060827,23.001084046148492,-37.45341243199607
120.21441175619475,23.00125748791974,55.90988484240638
120.21434087971711,23.00143308010145,53.741054755913716
120.2143858128078,23.001389047673754,50.540605204576245
120.21440552950881,23.001367485264847,49.0597999935593
120.21445483553057,23.00139171289117,52.90546825090688
120.21448272874595,23.001372530054095,49.37883124441644
120.21452164532154,23.001342104603452,46.73332378694197
120.21458376078633,23.001396959091725,57.55450883914518
120.21462191169188,23.001413771388446,61.560135800994225
120.21467493195068,23.00144348833667,66.59977763680318
120.21468743254924,23.001369269376458,55.01759510994212
120.21470043850431,23.001377439922027,59.77198554531068
120.21473911754708,23.001465394829943,76.76604807462489
120.21471630950661,23.001335753133574,54.166757337790955
120.2146995654414,23.00134193015421,59.11487278970461
120.21471710280373,23.001327216451713,58.98392722394706
120.21472058667258,23.001361436378584,70.72797463861657
120.2146144519814,23.001318736523118,62.139548803026436
120.21472833227443,23.001395181802085,89.09052665860038
120.21466237692039,23.00149698691026,93.38171354579914
120.21455742604903,23.00153833626614,122.44832045209502
120.2147250194975,23.001477345160247,103.06130679865566
120.21477868432781,23.001390218471514,90.59067149351488
120.21475607242868,23.001208654897212,44.156009803281364
120.2148054610585,23.00122733175355,18.007177401852164
120.21478787275763,23.001284760859512,26.704993729921835
120.21476650435991,23.001278343509746,27.403220135437486
120.21483461505805,23.00124256209426,0.5715828889368209
120.21479565718681,23.001284379917113,40.00417350662759
120.21468025771229,23.00131341860217,95.59229899449483
120.21470220721672,23.001409168134543,57.446587302633944
120.2147452877256,23.00138635961117,65.26621063307742
120.21480414755871,23.001360451635605,52.58196053809814
120.21481253944268,23.00133446348536,59.79297145436862
120.21482731702633,23.001307828996556,71.38274919353654
120.21481937475096,23.001312910897724,66.33778770039781
120.21487114700663,23.00127204211321,48.58146477032769
120.21478072787073,23.001333793149538,52.497594262391814
120.21482316777431,23.00127810512634,33.695549470856676
120.21465549266586,23.001269191118734,71.50615602608337
120.21467165971079,23.001257564958788,58.45976700855518
120.21468153614538,23.00127466002926,63.28549694052521
120.21465793325083,23.00131386124173,97.3953180276338
120.21471094924306,23.001393314807345,71.5602239365132
120.21461991164098,23.00143279087823,91.66660994795285
120.21449600831954,23.001376017176234,95.38210404496753
120.21450727133586,23.001263344290685,80.0072688289368
120.21463712866195,23.00154419348332,118.35436452438341
120.21458902382794,23.001453385294123,104.7188520453295
120.21459269872524,23.00136516245982,97.25927178882904
120.21455399397883,23.00144745479602,132.32540655013068
120.21463125576417,23.00142321388484,104.46692068628911
120.2145966013332,23.001433660080785,92.53171183094919
120.21463997966667,23.00138656308216,95.69056456043263
120.21469109343437,23.0013267374571,72.41935245122836
120.21476868320904,23.001556125365845,108.75045594805606
120.21476602965595,23.001506663824898,83.74245089759319
120.2147758499312,23.00146886576147,70.21457916841342
120.21470829835121,23.001424512757517,70.40138207251692
120.21468470126418,23.001330964132894,57.16977904624156
120.21470018629591,23.00127014496138,51.149092376837466
120.21471223390124,23.001346430260124,59.356929333761684
120.21473622972562,23.00129371650945,44.56025774997831
120.21474567302971,23.001301041399337,39.34185672875974
120.2146972324687,23.001114695191443,6.749518278255624
120.21470765401907,23.00116860089757,23.84424517033872
120.21469164075233,23.001149718667495,19.471464543420147
120.21472619029912,23.001211221893374,25.80789766772282
120.21475817355157,23.001407937796095,62.19493823006184
120.2147765501775,23.001355481534315,60.52989765296875
120.21477252598535,23.00132225877579,56.43314384435726
120.21479769270202,23.001345735400886,63.065746992788924
120.21484084680026,23.001358267574762,67.7395303643273
120.21491132782596,23.00134724343083,69.90323434455358
120.2149293886115,23.001339060531322,70.67805264509406
120.21502127141788,23.001298774340405,73.80258303415289
120.21508213416801,23.001277587354593,75.19004439425255
120.21512816753058,23.001274254087022,74.10014937535594
120.21518029086886,23.001279696576393,74.64560497797987
120.21524187953537,23.001258924456927,72.23209127380133
120.21531148195044,23.00124364438773,64.2441697681908
120.21538071214452,23.00121826665553,56.28523901382244
120.21544262081181,23.00121583249229,55.90439614100903
120.21550286082227,23.001211244501953,55.924500997721545
120.21556306438002,23.00120210125917,56.11528414387747
120.21562762666453,23.00118581505297,52.70074901735073
120.21568928635988,23.001204934838864,59.604311986065774
120.21575279214794,23.001213435640885,60.216886508151575
120.21579653617171,23.00120392510854,61.10329800812352
120.21586507528181,23.001172520199376,55.44309709298232
120.21592843425739,23.001166271330888,60.43314114750234
120.21600637683306,23.001144302796927,53.50487316773795
120.21599564694739,23.001158869964335,80.45454689740332
120.21611138834174,23.00113353665809,55.93878871406538
120.21624041900913,23.001151346844274,51.24535449379105
120.21630549075896,23.001174651414267,59.27084157146447
120.21639255384437,23.00119376785581,60.821900496301375
120.2164296837826,23.001179946212226,70.58040742245615
120.2165107046007,23.001137331572874,61.48414864503275
120.21655931642678,23.001115113548117,56.65237133749131
120.2166544605869,23.001084548099517,58.90675210893735
120.21670908648288,23.001064733594678,60.02131395051306
120.21680616837327,23.00106908258375,58.070546274515294
120.21683952572357,23.0010610750209,62.65764533783382
120.21702763011787,23.00100587666818,55.60302233312183
120.21713630453493,23.00104890050336,50.77031279780716
120.21727282696585,23.00106416125811,50.368791785791124
120.21726727840591,23.001083837458282,89.97076018846671
120.21736200862561,23.00107475687115,86.65796910830349
120.21735339867955,23.00105987255519,97.62333768663746
120.21737146199978,23.001042002081586,98.24211760010827
120.21751851443679,23.001003761606935,62.87144521398335
120.21753576670524,23.00097888485882,75.27702002942253
120.21750472926456,23.000982897371475,108.70015865062798
120.21744914219396,23.00097280386596,142.66140194585006
120.21767469190577,23.00093510114,90.60047473017198
120.2178868381377,23.000937450028005,42.69097026724154
120.2179146351658,23.000945512731196,46.510721995976354
120.21804846518616,23.000925671760157,49.716766792793095
120.21808712091782,23.000897862791494,44.96164557001631
120.21815170988259,23.000922261041303,54.17860966888597
120.21818416699163,23.000878906368303,58.53293135558535
120.21822351193245,23.000964831518182,89.89996066020792
120.21836482101982,23.00094528707733,68.99038497120473
120.21844567990019,23.000965813413867,71.78612970394833
120.21842759720768,23.00110015331515,131.36173192272267
120.21851408223996,23.001005316344948,99.43184996425086
120.21852816309354,23.00092819549094,80.16566745863805
120.21854364550555,23.00095923992469,100.44709423691427
120.21864735863956,23.00089007612007,65.72643653567344
120.21849119597414,23.000841468690286,100.52497145833769
120.21860533698023,23.000860080129183,108.1447981359021
120.2186047962351,23.000908117182906,94.582898438388
120.21864203142904,23.000901658382165,94.25951102507216
120.21869344281517,23.000817726523863,58.919623273032116
120.21868366543562,23.001054836198186,90.40307644568392
120.21872914433979,23.000989138979865,97.74074134307557
120.21870912003389,23.00088202321079,87.07747237646794
120.21866999228278,23.000806969774505,73.03791254763256
120.21866222658846,23.00081545688239,80.4654040165988
120.21869482893223,23.000798426120706,73.61889449882317
120.21866853566365,23.000809630584076,72.87838430756426
120.21864836198145,23.000882873247676,85.74184497263188
120.21860786516888,23.000781416359345,50.22265256904062
120.21854919298002,23.00088334155147,97.01146050537002
120.21862734176469,23.000942162128563,102.12966760323829
120.21855644760305,23.000793487425135,125.15575903326133
120.21849356874826,23.000946200311674,154.48021032076477
120.21865661664795,23.00111684494653,164.87965879393042
120.2189405481374,23.00125188423717,128.24039642000812
120.2187549478604,23.001309109130716,158.77093217469118
120.21863633775409,23.000948130723806,107.95312318322873
120.21888766177445,23.000696845825072,4.205501918400286
120.21880513250026,23.000657772065416,20.171663215041676
120.2187530933746,23.000722601952024,21.10698561090254
120.21860238981138,23.000779461816062,47.58522605774703
120.21850000682845,23.000828479737056,75.7596568202092
120.21846838367189,23.00085257260946,104.62853574053791
120.21852460635725,23.000989726721638,110.61533518600562
120.21862571821626,23.001045704760305,145.5590782654296
120.21864005416737,23.00077485150675,54.86577145004669
120.21872689347542,23.00077434683281,23.675636552828404
120.21856028755236,23.000921120597294,44.12063454811647
120.21866204408137,23.00089910104618,37.71365211592441
120.21863000260176,23.00088197697238,81.45896518285755
120.2185770500053,23.000927836656533,91.84396344329616
120.21852260937082,23.000921018609297,105.21253015825509
120.21856896284362,23.00102131784359,102.88452678538695
120.2186687066278,23.001197524205324,113.14643438599978
120.21857998922302,23.001223405549453,145.69944966343166
120.21859869291407,23.00117375075099,114.61798722433709
120.21856995247173,23.001194509646872,127.30630759586536
120.21855268677771,23.000931821622334,74.11183544099246
120.21850705776974,23.0009203790711,80.99133653477776
120.21840440866191,23.00100822871077,119.51176506173191
120.21839240914997,23.000986422401542,118.69205045891331
120.21842899989409,23.000983059058992,111.78366468681418
120.2185677841379,23.000838253311652,25.820888465010945
120.21845897296268,23.000931906007533,98.0537712995058
120.21851557657813,23.00086022431564,74.82553746121023
120.21843753344164,23.000869724286986,105.08562683965002
120.21845968995615,23.00087246868422,89.3029158754728
120.21851289602047,23.00116884350942,163.9450553575971
120.21851033258606,23.001071977975336,159.29481641715685
120.21878056807934,23.001046045501287,81.07830205105346
120.21872036413333,23.000956944765623,87.564783476852
120.2187226411262,23.000828026929742,106.09557853867831
120.21877124320928,23.000816506105185,87.08843036951906
120.2187139360962,23.000810270896494,96.79260143826065
120.21872440193883,23.00088884928275,86.68409596949614
120.2186624336073,23.000784829590614,73.1199893310096
120.21861650473694,23.000878816800572,87.1672036165519
120.2187309200753,23.00088430248272,77.91812404077143
120.21873053308322,23.000908646002188,91.46750949509443
120.21871999512962,23.00082891031843,95.05747874025863
120.21879446532003,23.000849308957946,87.59241392531266
120.21883595133349,23.00085912347283,82.42957477377425
120.2188164531622,23.000903538912645,109.7341340741115
120.21883828826552,23.00064391354886,79.42948189941127
120.21888763573568,23.00053660637377,58.87446056668756
120.21877279149857,23.000373427903217,70.56997994932087
120.21874534998676,23.000263584506808,70.64284215054657
120.21874382020509,23.000189985855446,70.75276917810686
120.21874336734602,23.000166031191164,80.78253829472305
120.21867804721106,23.000008805340762,76.52548969210537
120.21869597163595,22.999939957106847,76.1218378595875
120.21876098376595,22.999840447114444,77.3381783863294
120.2186856542613,22.999828216605604,60.718206377214
120.21843169274021,22.99976312310079,147.77485028765904
120.21862506379149,22.99962284731296,82.79323214757005
120.21847227872414,22.999603944758597,108.52874132262286
120.21845088269643,22.999556967494698,121.07398921527935
120.21857941755336,22.99948728912855,71.66778771741643
120.21849192860401,22.999435487845616,109.1088207019656
120.21852798028101,22.999391550931623,83.60849711195259
120.21847200687202,22.99936323979724,90.82990309566866
120.21838457971953,22.99932301558843,132.63285408373807
120.21840342886648,22.999286041763337,139.45125485741303
120.21858997533363,22.999157269076328,79.642725845186
120.21858150955016,22.999086991170486,71.89793370493831
120.21858548899341,22.999029437136294,62.999632782452885
120.21861679923535,22.99895544822045,53.70106836043113
120.21866401676695,22.998893507526574,39.53174730650356
120.21862514004623,22.998860498311927,54.19606118132411
120.21866603965286,22.99883530861972,55.94126848142761
120.2186766714292,22.99879378001601,60.30332763456595
120.21867531893322,22.998705756217785,54.27084628647986
120.2185812654744,22.99866388348047,70.69837663946129
120.21858403070783,22.998588694602187,81.70703983639638
120.21861924257043,22.998563685711257,61.27744357809677
120.21857454568351,22.99853959394559,56.88314847890128
120.21865512164568,22.998483542572913,51.942187711093396
120.21866582549642,22.99848298260833,53.25253201796836
120.21865514999779,22.998418946888968,43.529612204612356
120.21865189136713,22.99836068333264,48.62524862819845
120.21864292355815,22.998337581164986,51.80666983594209
120.2185592070293,22.998285408235958,39.244022713061796
120.21861004183664,22.998192674747084,47.2296095023883
120.21869814477405,22.998111136077313,35.024196821730044
120.21851440283518,22.99815803118963,32.07153737017846
120.21849863267819,22.998116988821806,49.442313204947524
120.21853473515448,22.998084498953016,48.945853024649786
120.21852438598587,22.998028868493815,57.63732528733385
120.21856136881782,22.997969891652644,54.66220674109735
120.21854687490213,22.997945152890573,62.34508728568628
120.21856448047828,22.997912293915793,69.03868030627962
120.21849704990309,22.99793306700962,69.37265681122491
120.21837138238496,22.997902650407635,72.88666006035169
120.2183151623896,22.997808579320235,82.44164505266828
120.21818799343107,22.997784565952244,98.68643478761652
120.21831882007747,22.997762287478132,74.28819805728084
120.21821467972272,22.997691448590967,103.36435992490321
120.21832881360518,22.99766937339555,92.09068206582137
120.21836973675866,22.99765378012456,85.0252399930628
120.2183796612538,22.997629202051108,85.49054969309664
120.2185149663503,22.99756814473992,58.902605835677974
120.21860240115814,22.99752159656607,48.437873548428534
120.2186126268742,22.997481364167484,45.45800782096498
120.21858016037577,22.99749009006833,49.27986428538407
120.2185913266523,22.997447920469476,43.63142577372617
120.21850933826892,22.997419188656632,53.484917763900505
120.2184642504135,22.997394577245057,60.485312595101234
120.21842476485459,22.997358212782697,63.55960114458324
120.21850485501656,22.997339721963993,54.85225413726016
120.21833677467126,22.997288857380962,88.4625102905928
120.21845940891866,22.997302352197405,68.07334097410255
120.21845320405319,22.997265791701235,63.77199220226782
120.21842648210857,22.99727011832886,59.086841045613966
120.21842708208645,22.997298044629712,66.73195374587009
120.21845815054121,22.99731037368174,60.55054163902241
120.21842034510755,22.997318898467103,73.08287082292445
120.21839244579469,22.997264870509124,65.22459578582847
120.21838473954041,22.99725024230207,64.34068076171216
120.21844658493578,22.997210181249525,52.50314476068758
120.21841814953662,22.99725653879098,72.64252526554662
120.21856908783967,22.997220423687324,35.648637276739116
120.21867475844415,22.997215328336477,12.574580811453739
120.21859121331435,22.99717507293587,29.32433406149093
120.2185882204694,22.997183458922922,32.951613147380115
120.21856899719126,22.99721257795381,40.275905582391
120.21856082548986,22.997182736712737,47.117028056010255
120.21858378557724,22.997189291457293,50.39371313314397
120.2185932925952,22.997182360897447,44.449534893700246
120.21861917984165,22.997066508740303,37.075726375282514
120.21861433867804,22.99721597684626,47.62836849205504
120.21864025242279,22.99717876861682,40.680779268039046
120.21864286024615,22.99721808305005,52.958217104427405
120.21861607077301,22.99726783697856,52.44359577382027
120.218647043417,22.99724808424593,58.470372458228866
120.21865011839262,22.997276626234477,63.30016755736578
120.21865279642692,22.997296849189862,59.736455003850196
120.21872507186445,22.997278045325313,52.29954043712821
120.21867384840489,22.997259321775765,55.30789638446232
120.218700626965,22.997164383212933,51.08629215423303
120.21873531224425,22.997040906395462,60.18417305896544
120.21883812659792,22.996919096668396,20.176994987972602
120.21869298203472,22.997070704006493,63.70771982727465
120.21863090380276,22.997122128296905,111.1819525660303
120.21852928025716,22.996999623266444,62.68103524382349
120.21835697487488,22.997064455145377,25.086633493021967
120.2185439715613,22.99681357929729,-37.51154932508646
120.2181499204914,22.99761188034158,318.28710154951403
120.2191991778435,22.997940211637804,196.82135928433826
120.21890014531179,22.997758415084036,44.519881670079265
120.2190696312482,22.997358398138932,81.59151557880848
120.21888118452458,22.99757929892146,11.870894020524345
120.21917274348141,22.997306769295104,-88.0889618599995
120.21904779261074,22.997405432507588,175.16545688759032
120.21939945921758,22.997927595647283,-57.69727813461434
