000000000525600 	000000000000013 	000000000525600 	000000000525600 	-9.478768333793000e-05 	-2.273736754432000e-13 	000000000000000 	2.400000000000000e+00 	3.666537464596000e-03 	5.153662303925000e+03 	4.216604209919000e-09 	-1.226791080476000e+00 	1.653970837016000e+00 	2.463147907243000e+00 	9.688914865394001e-01 	-7.771037980637999e-09 	-4.739483132782000e-10 	1.054257154465000e-05 	3.427267074585000e-07 	1.117587089539000e-08 	-3.539025783539000e-08 	6.250000000000000e+00 	1.813750000000000e+02 	000000000000093 
000000000525600 	000000000000002 	000000000525600 	000000000525600 	2.542887814343000e-04 	-1.000444171950000e-11 	000000000000000 	2.400000000000000e+00 	1.746087882202000e-02 	5.153640844345000e+03 	4.623764026902000e-09 	-1.509602668348000e+00 	-1.927508099192000e+00 	1.985091458684000e-01 	9.488746608040000e-01 	-7.859255940984000e-09 	4.164459180726000e-10 	1.038610935211000e-05 	-1.788139343262000e-07 	3.185123205185000e-07 	4.172325134277000e-07 	-6.125000000000000e+00 	1.716250000000000e+02 	000000000000048 
000000000525600 	000000000000005 	000000000525600 	000000000525600 	-1.967092975974000e-05 	1.136868377216000e-12 	000000000000000 	2.400000000000000e+00 	5.292455782182000e-03 	5.153597726822000e+03 	5.201645240832000e-09 	1.017661348309000e+00 	6.336816665164000e-01 	1.279120008345000e+00 	9.469076694309000e-01 	-8.361062557529999e-09 	5.964534161074001e-11 	4.934147000313000e-06 	2.998858690262000e-07 	3.166496753693000e-08 	-8.381903171539000e-08 	2.968750000000000e+00 	2.777812500000000e+02 	000000000000003 
000000000525600 	000000000000015 	000000000525600 	000000000525600 	-3.574006259441000e-04 	000000000000000 	000000000000000 	2.400000000000000e+00 	1.005721138790000e-02 	5.153658060074000e+03 	5.328079078737000e-09 	-5.823992049103000e-01 	6.476511999921000e-01 	2.267269042730000e+00 	9.283988211145000e-01 	-8.441065889990000e-09 	-5.035924052165000e-10 	8.905306458473001e-06 	-8.773058652878000e-07 	1.005828380585000e-07 	1.098960638046000e-07 	-1.962500000000000e+01 	1.884687500000000e+02 	000000000000096 
000000000525600 	000000000000029 	000000000525600 	000000000525600 	5.246545188129000e-04 	-5.229594535194000e-12 	000000000000000 	2.400000000000000e+00 	4.100062651560000e-04 	5.153769653320000e+03 	3.809087235201000e-09 	1.571339079643000e+00 	8.827564324287001e-01 	-7.367503953083000e-01 	9.829240439889000e-01 	-7.748179885649001e-09 	-2.921550265724000e-10 	7.888302206993000e-06 	-6.495043635368000e-06 	-1.862645149231000e-08 	-1.862645149231000e-09 	-1.241875000000000e+02 	2.385312500000000e+02 	000000000000094 
000000000525600 	000000000000020 	000000000525600 	000000000525600 	4.956712946296000e-04 	1.023181539495000e-12 	000000000000000 	2.400000000000000e+00 	4.638735670596000e-03 	5.153754703522001e+03 	5.586304120561000e-09 	-8.212774391247000e-01 	1.741776584535000e+00 	1.194624115907000e+00 	9.272738897766000e-01 	-8.592143611555000e-09 	2.857261873569000e-10 	5.116686224937000e-06 	6.407499313354000e-07 	5.587935447693000e-08 	-6.519258022308000e-08 	1.043750000000000e+01 	2.638750000000000e+02 	000000000000048 
000000000525600 	000000000000006 	000000000525600 	000000000525600 	4.132692702115000e-04 	9.094947017729000e-13 	000000000000000 	2.400000000000000e+00 	7.518770871684000e-04 	5.153803522110000e+03 	4.200174954146000e-09 	-1.644386861302000e+00 	-1.304820224005000e+00 	2.478354870457000e-01 	9.695914138428000e-01 	-7.760323248612000e-09 	4.721625246072000e-10 	1.048669219017000e-05 	-4.228204488754000e-07 	5.587935447693000e-08 	3.539025783539000e-08 	-000000000000008 	1.834687500000000e+02 	000000000000047 
000000000525600 	000000000000030 	000000000525600 	000000000525600 	1.204428263009000e-04 	-2.955857780762000e-12 	000000000000000 	2.400000000000000e+00 	2.996107097715000e-03 	5.153599985123000e+03 	4.718053668730000e-09 	-2.514787374988000e+00 	-3.077832160544000e+00 	-2.835570398694000e+00 	9.462844999763000e-01 	-8.110694985858000e-09 	2.317953694932000e-10 	8.067116141319001e-06 	6.519258022308000e-06 	000000000000000 	-1.862645149231000e-09 	1.263750000000000e+02 	2.207187500000000e+02 	000000000000006 
000000000525600 	000000000000007 	000000000525600 	000000000525600 	2.653743140399000e-04 	-5.343281372916000e-12 	000000000000000 	2.400000000000000e+00 	1.107436115853000e-02 	5.153713035583000e+03 	4.345180994229000e-09 	-2.593248354380000e+00 	-2.545312325195000e+00 	-2.871520672762000e+00 	9.606305007905001e-01 	-7.816397012881000e-09 	2.532248335450000e-10 	8.406117558479001e-06 	6.074085831642000e-06 	-1.564621925354000e-07 	4.284083843231000e-08 	1.211562500000000e+02 	2.196250000000000e+02 	000000000000087 
000000000525600 	000000000000019 	000000000525600 	000000000525600 	-4.696771502495000e-04 	2.273736754432000e-12 	000000000000000 	2.400000000000000e+00 	9.765757829882000e-03 	5.153697893143000e+03 	3.919448975068000e-09 	-3.064775286067000e+00 	1.102720901620000e+00 	-6.997756323953001e-01 	9.791446653512000e-01 	-7.672462446000000e-09 	-2.664396697103000e-10 	8.681789040564999e-06 	-6.174668669700000e-06 	-1.452863216400000e-07 	1.341104507446000e-07 	-1.196562500000000e+02 	2.189375000000000e+02 	000000000000050 
000000000525584 	000000000000012 	000000000525584 	000000000525584 	3.601857461035000e-04 	-1.818989403546000e-12 	000000000000000 	2.400000000000000e+00 	6.674656528048000e-03 	5.153673837662000e+03 	4.235176412097000e-09 	3.102066535214000e+00 	9.091089237615000e-01 	-1.782554432673000e+00 	9.877072155701000e-01 	-8.126052768429001e-09 	-1.642925577302000e-11 	1.091510057449000e-06 	3.799796104431000e-07 	-1.303851604462000e-07 	-3.166496753693000e-08 	8.906250000000000e+00 	3.699062500000000e+02 	000000000000003 
000000000532800 	000000000000013 	000000000532800 	000000000532800 	-9.478954598308000e-05 	-2.273736754432000e-13 	000000000000000 	2.400000000000000e+00 	3.666423959657000e-03 	5.153662647247000e+03 	4.197317692272000e-09 	-1.764940837556000e-01 	1.653858936949000e+00 	2.463091719485000e+00 	9.688880852549000e-01 	-7.794253233361000e-09 	-4.553761111000000e-10 	1.026317477226000e-05 	3.892928361893000e-07 	-1.862645149231000e-08 	-1.117587089539000e-08 	9.250000000000000e+00 	1.864375000000000e+02 	000000000000142 
000000000532800 	000000000000002 	000000000532800 	000000000532800 	2.542170695961000e-04 	-1.000444171950000e-11 	000000000000000 	2.400000000000000e+00 	1.746126462240000e-02 	5.153642333984000e+03 	4.795914054785000e-09 	-4.593609816344000e-01 	-1.927547627238000e+00 	1.984500922543000e-01 	9.488755780536000e-01 	-8.357848137922000e-09 	4.478757986819000e-10 	1.046806573868000e-05 	-1.545995473862000e-07 	2.421438694000000e-07 	-1.043081283569000e-07 	-4.187500000000000e+00 	1.772187500000000e+02 	000000000000081 
000000000532800 	000000000000005 	000000000532800 	000000000532800 	-1.966301351786000e-05 	1.136868377216000e-12 	000000000000000 	2.400000000000000e+00 	5.292400484904000e-03 	5.153597665787000e+03 	5.244504168935000e-09 	2.067899875119000e+00 	6.336757387723000e-01 	1.279059772694000e+00 	9.469081112322000e-01 	-8.338204462540999e-09 	6.035965707914000e-11 	4.993751645088000e-06 	9.872019290924000e-08 	-3.166496753693000e-08 	-8.009374141693000e-08 	2.968750000000000e+00 	2.786250000000000e+02 	000000000000004 
000000000532800 	000000000000015 	000000000532800 	000000000532800 	-3.574010916054000e-04 	000000000000000 	000000000000000 	2.400000000000000e+00 	1.005834853277000e-02 	5.153660253525000e+03 	5.244861326669000e-09 	4.678069577632000e-01 	6.476401096101000e-01 	2.267208725155000e+00 	9.283952369652000e-01 	-8.381063390645000e-09 	-5.671664819034000e-10 	8.797273039818000e-06 	-5.383044481277000e-07 	1.713633537292000e-07 	-1.862645149231000e-08 	-1.250000000000000e+01 	1.920937500000000e+02 	000000000000106 
000000000532800 	000000000000029 	000000000532800 	000000000532800 	5.246172659099000e-04 	-5.229594535194000e-12 	000000000000000 	2.400000000000000e+00 	4.106493433937000e-04 	5.153767835617000e+03 	3.884447517116000e-09 	2.623280023240000e+00 	8.809331873861001e-01 	-7.368062495206000e-01 	9.829218086501000e-01 	-7.774966715713999e-09 	-2.939408152434000e-10 	8.141621947288000e-06 	-6.526708602905000e-06 	-1.303851604462000e-08 	-2.793967723846000e-08 	-1.244687500000000e+02 	2.309687500000000e+02 	000000000000095 
000000000532800 	000000000000020 	000000000532800 	000000000532800 	4.956787452102000e-04 	1.023181539495000e-12 	000000000000000 	2.400000000000000e+00 	4.638087237254000e-03 	5.153753379822000e+03 	5.640234938424000e-09 	2.288074754355000e-01 	1.741830901220000e+00 	1.194563056632000e+00 	9.272755297078000e-01 	-8.583571825934000e-09 	1.410773050074000e-10 	5.049630999565000e-06 	5.215406417847001e-07 	-1.247972249985000e-07 	-8.754432201385000e-08 	8.437500000000000e+00 	2.684062500000000e+02 	000000000000049 
000000000532800 	000000000000006 	000000000532800 	000000000532800 	4.132757894695000e-04 	9.094947017729000e-13 	000000000000000 	2.400000000000000e+00 	7.520124781876000e-04 	5.153804475784000e+03 	4.175531070486000e-09 	-5.936299860431000e-01 	-1.305478409867000e+00 	2.477797849769000e-01 	9.695947931836000e-01 	-7.741036730966001e-09 	4.385896975928000e-10 	1.039355993271000e-05 	-2.458691596985000e-07 	6.146728992461999e-08 	-4.470348358154000e-08 	-4.625000000000000e+00 	1.853750000000000e+02 	000000000000049 
000000000532800 	000000000000030 	000000000532800 	000000000532800 	1.204218715429000e-04 	-2.955857780762000e-12 	000000000000000 	2.400000000000000e+00 	2.996664959937000e-03 	5.153598834991000e+03 	4.677337687032000e-09 	-1.464699329783000e+00 	-3.077692175375000e+00 	-2.835628767663000e+00 	9.462861647770000e-01 	-8.114266563200000e-09 	2.196520065306000e-10 	7.873401045799000e-06 	6.031244993210000e-06 	-2.980232238769000e-08 	5.587935447693000e-09 	1.197187500000000e+02 	2.206875000000000e+02 	000000000000007 
000000000532800 	000000000000024 	000000000532800 	000000000532800 	-4.351697862148000e-05 	-4.547473508865000e-13 	000000000000000 	2.400000000000000e+00 	6.494808709249000e-03 	5.153670408249000e+03 	4.749840707073000e-09 	-5.950870992634000e-01 	4.888479841493000e-01 	-2.928483011826000e+00 	9.436912143555000e-01 	-8.208913362762000e-09 	1.496490906282000e-10 	8.763745427131001e-06 	6.023794412613000e-06 	5.215406417847000e-08 	1.639127731323000e-07 	1.157187500000000e+02 	2.021875000000000e+02 	000000000000077 
