120.14743485487864,22.990181359024195,44.43991949418306
120.14737540175963,22.990229541797415,37.988823353620276
120.14736386272061,22.99024302193074,35.28881414092855
120.14733665033644,22.990254644466926,28.64521278096273
120.14737299729984,22.990231789214256,37.10859714855882
120.1474038098668,22.990200434364567,42.39141525897378
120.14734699191706,22.990252153797417,31.831926260631047
120.1474862450688,22.99014412961276,57.69381344684001
120.14748416895516,22.990148666187153,54.40408105149472
120.14742669640542,22.99019687115735,44.47866997530127
120.14743024925917,22.990199343639635,44.71476966422567
120.1474754125806,22.990159279952245,54.294707282976304
120.14745377590266,22.990178110528667,48.976003890590526
120.14743148374751,22.990194666579324,42.26646438005946
120.14747125211117,22.99016948533117,49.611053606172774
120.14742606947658,22.990204452915176,42.430517455401585
120.14743413599372,22.990195303696552,40.88592778166114
120.14742020061809,22.990203521328958,43.47916684236596
120.1474771269088,22.99015359901576,56.59367231808021
120.14747253346063,22.99016229309045,57.90645122496593
120.1474855736075,22.990143123434493,58.893075772550674
120.1474442635471,22.990176048613698,52.07078396337888
120.14735772173772,22.990244298852023,39.30239494216586
120.14736588463961,22.99024252686352,41.086503719717165
120.1473718394064,22.990236228747847,41.7184876312506
120.14740423691909,22.9902057558761,46.25397471267302
120.14740566247107,22.99020829311261,47.52115465699916
120.14740170449798,22.990207561075096,47.341541373809186
120.14743225363203,22.99018266199673,49.33960464750442
120.14742845075456,22.99018798253789,50.04492882408585
120.14742710308548,22.990199354598168,48.509791886706644
120.14743473653748,22.99020057944208,48.368136410289075
120.14747402489702,22.99017368921443,53.001295115422145
120.14749307939677,22.99015113211081,55.23273824941095
120.14748648792825,22.990159047189923,55.53475906036641
120.1474687053893,22.990176253142636,52.835038194488014
120.14746797092545,22.990175098803334,53.86707244925001
120.14740897678496,22.990218157170986,43.99037662446658
120.14748556045853,22.990157344446324,58.495585362425956
120.14748589373538,22.99014266174443,57.65530361398032
120.14749838041905,22.990128972852755,59.50545819316952
120.1474026369492,22.990220290616712,47.231350464085196
120.14741373740543,22.990210524102405,45.43005081776242
120.14750173034497,22.99013870797786,59.182890326282795
120.14749959827687,22.990154984118433,59.7554816621799
120.14747031107879,22.9901791767399,46.46729667045102
120.14748841902876,22.99017152624613,50.89315641403345
120.14744666996877,22.990210878934676,41.537480384579425
120.14743393501216,22.990229667094297,39.3152554057805
120.14750374735888,22.990168296695284,53.35169209885471
120.14750193545495,22.990170069466746,50.63932952608999
120.14749823717186,22.990175294564178,51.225978390727995
120.1475185903786,22.990145228927272,54.18526034970749
120.14747185076185,22.990183521997228,49.25825373246023
120.14742995751571,22.990203162383533,44.68062212492506
120.14740756633954,22.99022411922732,41.91337743775484
120.14744520502467,22.99018917057001,50.015908261959
120.14743302816802,22.99018693819634,48.830449189182055
120.14751515294502,22.990134854791943,63.242370169763895
120.1473996138397,22.990229985009282,46.578788697677545
120.14754580729189,22.990101299114926,68.28785885445613
120.14756741361144,22.990097222826577,71.17161906550179
120.14742733805534,22.990217154647574,40.145348739877505
120.14742250449453,22.990212423484568,39.76001444645415
120.14742051820416,22.99021742868009,39.923673800577575
120.14741293523824,22.99022596519581,41.7566158072519
120.14761665098482,22.99005776812668,78.55771523310514
120.14741231989791,22.9902224849561,42.72320483391032
120.14741143732172,22.990219044399783,42.82043963196358
120.14740934910266,22.990223778538184,42.57876712909639
120.14741791536608,22.99020822254874,42.17867504029717
120.14741413695576,22.990207167452038,43.16511953657805
120.14742383019149,22.99019940119626,40.01562896007034
120.14741900268368,22.99019730382353,44.41230174697244
120.14740194932381,22.990205243486066,46.760750052084276
120.1474343212009,22.990204323862425,40.569725463928876
120.14741053449765,22.99021868821284,45.26058296666696
120.14741418760396,22.990218092725044,43.692189745057235
120.14748050774642,22.990153112471518,60.13291629048399
120.14744267063845,22.990176339375452,50.39098725906645
120.14744069356398,22.990174884451793,47.47365449955834
120.14742458269463,22.990191868358465,45.98728526802709
120.14737096733855,22.99023755929344,35.27586494549073
120.14741983512016,22.990216437548323,39.95018423888473
120.14745702848732,22.99017612301072,39.78510050062198
120.14747317581444,22.990166280259576,47.15176980188267
120.14750201748731,22.990146102584784,48.53741305034097
120.14748865976317,22.990144624966618,49.65101840637694
120.1475112402241,22.990131933580685,48.30960686835244
120.14748289452405,22.990151093895964,54.15068330750999
120.1474707378852,22.99015452946293,52.35189698880903
120.14742553377901,22.99019460954636,42.637355984835615
120.1474736980963,22.990159113879407,47.54398796689473
120.14753678085569,22.990092141323924,57.724562191393254
120.14745590123856,22.990167787684506,42.4563985363179
120.14745586822634,22.990170824379227,44.99113698450756
120.14749900449604,22.990156220108098,55.27185195324203
120.14742087343781,22.99020595297839,39.82901395375908
120.14742944731447,22.99021568377851,38.797807636945
120.14743066261919,22.990204022647266,38.987111298381905
120.14744063296034,22.990191478209766,43.94789836052074
120.1474221723413,22.99020250568978,37.12934135817658
120.14743833684405,22.99018071615195,50.05936913361099
120.14743161462383,22.990169850655914,53.561219733540426
120.14743161351369,22.990173366164413,55.804508334083316
120.14739645547172,22.990213407217123,46.85206640529236
120.14736413448796,22.99023949874651,47.86473595222281
120.14736885213856,22.99025166135582,40.856175550165055
120.14737655623921,22.99022411432825,47.867952733133315
120.14741853823156,22.99028470420461,45.324260221002234
120.14741159540307,22.990331045436093,52.67378510346437
120.14746673271509,22.990214191328608,35.84090146467762
120.14751671316164,22.99030501348692,38.652427665410016
120.14752737705453,22.990338095815368,64.69686329530883
120.1475301484933,22.99035897713717,56.07129669532577
120.14750749721203,22.990384479366508,63.172563372077896
120.14751407226174,22.990331135951067,59.2335350973353
120.14753609090232,22.990358541972732,69.755030498627
120.14748498741135,22.99038097987826,47.976047005364606
120.14758050442275,22.99028653093338,59.164934496790984
120.14752617249161,22.990347817750255,66.75868788449964
120.14756849223473,22.990349896790807,53.2850743531653
120.14759518231696,22.9904290279625,63.235732822968856
120.14760175654119,22.99032579278423,61.16270760668599
120.14758096861523,22.990277181151587,48.08128220822333
120.14761751055259,22.99026655229646,53.70570759110474
120.1476066414612,22.990218892569224,56.984649092667865
120.14756800699952,22.99027310598363,51.56715865976676
120.14763744480817,22.990213989184983,67.40405715482137
120.14769565515292,22.990213588115225,56.49898118880759
120.14767733438254,22.990210852198008,48.993457466508616
120.14775292791093,22.990277148898414,59.39168258248785
120.14771526042911,22.990252261158968,52.41630290365426
120.14767742691498,22.9902501281065,53.09465508586567
120.14774086395282,22.990237033188162,58.16407684651927
120.14771102599916,22.990221026971962,50.04636493296711
120.14772436835308,22.990236980780924,54.24936997686594
120.14769961044493,22.99014249093675,51.402690583233834
120.1476760496067,22.990172146358862,55.77828111743414
120.14771968669841,22.990111654639538,28.014047130405483
120.14763075936813,22.99014108839579,41.77851064657533
120.14762835502545,22.990090246010165,33.92099473759965
120.14766240874633,22.990105558827036,39.877590394577524
120.14765616464496,22.99011198364318,39.81536831113501
120.14765889122837,22.99011864205193,50.20099799829952
120.14764870929156,22.99013680393348,48.53656800783298
120.14762392724131,22.990247761891887,34.05202477362807
120.14763307143393,22.990322569532506,43.07887344943365
120.14760271815796,22.99026460387894,51.62358496568942
120.14757435199135,22.99028895151388,60.530118134448635
120.14758873651705,22.99032831034349,62.70050225461537
120.14769083871106,22.99028745205838,60.6754555887136
120.14766987232981,22.99023261563493,57.78296135045379
120.14768239364555,22.99026785445188,52.77696110851817
120.14766311478475,22.990198368642147,46.995559827784696
120.14761961401281,22.990145184804202,34.72232757054137
120.14768286722948,22.990196705033092,47.62698408226973
120.14773526742793,22.99022235890873,80.6833039127949
120.1477653667045,22.99018396798813,55.32885593272258
120.14767849708744,22.99010023117935,41.27318751298909
120.14766949442286,22.99020065598572,56.10156747648832
120.14767762183244,22.990198270791296,61.31965378331977
120.1477186265548,22.99024390142065,61.034766033912746
120.14767648892517,22.99019487627591,57.97346677025793
120.14757561114082,22.990320383206207,90.82557788023631
120.14761894595077,22.990111649044334,62.74316534052299
120.14764860433101,22.99014473483851,59.12570832511295
120.14764337589564,22.990162237719048,58.07880916262442
120.14764007323386,22.990218307520077,59.17104998678629
120.14764917291873,22.990185726754543,51.169806106132704
120.1476127987342,22.990163768160087,46.53252469591976
120.14764837397615,22.990310406271703,53.01999127765957
120.14765457908643,22.990363051657596,62.83188398927131
120.14762467541135,22.99020140369982,56.190851166420565
120.14767734958669,22.990145505513137,44.99577803428961
120.14769024238095,22.990228391285584,44.53244317022991
120.14766824793456,22.99028111728683,55.771495725364225
120.14765831351613,22.99012380065235,37.07671745178928
120.14766040215673,22.99016522382411,40.297644119857125
120.14768635390408,22.990246734932413,51.100948524774616
120.14769458136364,22.99026877203115,51.914582422926046
120.1477064712863,22.99036074515903,57.72061629116025
120.14768421117195,22.990357130601282,50.67136715669074
120.14768156014912,22.990336732560714,45.0625328718524
120.14766059898578,22.990326772246824,41.09218012190777
120.1476597585202,22.990377077868445,41.39515066984495
120.14764506447968,22.990417103975712,46.28376948141625
120.147693894329,22.990499787478154,41.32819821670167
120.14770179918095,22.990512330048716,46.82826216660506
120.14776596239712,22.990543660247315,46.43299535328799
120.14781735190317,22.99063923030097,56.98159652980644
120.14787319174467,22.990634506654736,46.5015038188714
120.14786558434592,22.990637581501566,43.74843923908909
120.1479123530523,22.99068279795553,52.01176579302294
120.14795876962482,22.990720486224532,53.09524237784589
120.1480021710247,22.99076627522172,46.833794082604065
120.14801106169169,22.99078451863949,47.02618644731078
120.14801630005739,22.990823636144235,42.16978495726211
120.14800801423448,22.990823499765938,32.13393691937953
120.14805578209351,22.990942028955125,48.72648671902623
120.14805472467626,22.99095182535488,49.592480905635604
120.14800556101105,22.990910412182377,51.80557370658061
120.1479763615599,22.99101181486333,52.4063666935693
120.14788070280811,22.990941353096172,59.500099039340405
120.14791312948631,22.991068502576997,42.99682122368359
120.14787997385145,22.991088462659814,37.42800124328569
120.1478289828643,22.991106763890155,35.55282144549405
120.1477578640696,22.99117070318276,38.22567615780735
120.14769652817188,22.991199392424992,37.40813351660788
120.14762252331785,22.99127200112884,44.045001866581714
120.14756059903908,22.991342554871252,45.91905546782422
120.14752110298413,22.99136704739918,40.08334746022005
120.14746094192743,22.99141931051066,38.43783751824266
120.14739966360129,22.991472780161796,40.6051069295517
120.14734849396645,22.991544804136677,40.79688912758127
120.1472960734646,22.991588531614365,39.39582307790551
120.14723896260699,22.991642238080278,39.4287597379834
120.14717476651411,22.991732459050574,46.13896622699865
120.14711421366786,22.991804668434323,47.60213369365006
120.14705643910229,22.991928729066537,55.862868778419866
120.14693651690779,22.991916073147696,53.222668897289495
120.14689985472538,22.99191929882395,47.389433849247574
120.14686635286425,22.991941951864387,43.41083162052928
120.14680610184602,22.991983650295396,42.85990506224528
120.14675483434439,22.99201302290771,42.14332615098063
120.14669271564358,22.992068190737022,41.59935727310529
120.14662917852375,22.992153360182137,44.47894067707116
120.14665603064923,22.992143200709766,24.295422724100842
120.14655432713411,22.992236090051463,35.08639010145756
120.14652623364228,22.992270789572803,28.423331140518158
120.14647974410242,22.992292500394367,25.117343398274876
120.14638712905418,22.992411081220137,34.91512899707281
120.1463437412132,22.992395924480803,29.5749482810549
120.1462768689912,22.99246400641057,30.177142018859442
120.14619717784157,22.992537499818877,32.154173328640496
120.14612397081095,22.992593257020367,31.172565418556925
120.14605746240987,22.992654904475415,30.838831292613328
120.14599546866064,22.992708565977033,30.349245087209244
120.1459187764371,22.992777730047617,33.05538551146801
120.1458577222766,22.99285026753232,34.431732411686596
120.14580535322342,22.992955697336612,38.06760717089412
120.14573089687646,22.992948369938688,29.001119302102243
120.14565163467553,22.99299683926365,29.40250036330413
120.14558801704631,22.993078375264115,28.372370189640506
120.14553034252911,22.99317985899064,27.260288123010735
120.14545369473478,22.99321063162682,29.21127253524269
120.14537774463206,22.993242082224338,30.132833947857634
120.14531591576991,22.993338306643945,28.469442101949575
120.1452539663472,22.993361758432048,27.315408614981443
120.14517561843066,22.993429257761413,28.725612383777698
120.14508894273362,22.99349298222299,30.810321822813616
120.14502443905803,22.9935707838688,31.443426842453174
120.14495986661606,22.993628671238476,28.614572025367423
120.1448471343891,22.993693201954148,32.64857920408362
120.14481040523742,22.993746328475144,26.96512059527176
120.14473567141293,22.99381090918552,28.770741743679306
120.14466703976646,22.99386055430475,28.72123359233691
120.14457154717216,22.99394376813192,33.66959708361925
120.14450031555097,22.994008008516428,33.36735160913606
120.144463725505,22.994042977015358,24.91105492463142
120.14443965817475,22.994107416666655,15.731138370927603
120.14431087755453,22.99418056404388,27.553537278793538
120.1442152993729,22.99425303038609,31.229706760894807
120.14415067778212,22.994302062778463,28.660566779380368
120.14408065298089,22.994367774667023,27.13509828925778
120.14397743860174,22.994475386675244,35.44338909456183
120.14389270466229,22.994558748178065,37.34451645711414
120.14383134370888,22.99460231283288,32.8170589601306
120.14376429922429,22.99465385042921,31.23228103629723
120.143698927099,22.994711813195106,32.21536147107032
120.14365635110758,22.99475102064295,33.00441286405364
120.1436139474546,22.99482784478067,35.67656039668911
120.1436088939669,22.994881705804982,37.242549434031396
120.14361005778919,22.994903616702466,37.402077033886805
120.14365737017987,22.994948156942502,36.796641905190604
120.14370690335099,22.994978336463372,40.46198370414202
120.14380722477965,22.995045247106138,47.23527601114454
120.143836993262,22.995084064508987,45.11143317717632
120.1438799162144,22.99513180506876,45.221502591248104
120.1439460533989,22.995200782022792,44.8500705033126
120.14404494378026,22.995273113286647,47.711179046638044
120.14409417621748,22.995326876289177,47.21037581133913
120.1441901000837,22.995404134787716,49.509970652860765
120.1442174104342,22.995447230101437,47.60540743219697
120.14426775827995,22.995520409303968,39.96821279443506
120.14431991861592,22.995581211721262,39.97872969962266
120.14439129242248,22.99566138267822,41.3356306432904
120.14449028894872,22.99575078389445,46.162735971652985
120.14454523765725,22.995810632452248,48.78739727026906
120.14456972979958,22.995893829134168,41.15522725457056
120.14465800063081,22.99593256005248,44.760265514180716
120.14470227395498,22.995985221490574,42.74900035624476
120.14480065699779,22.996033083053153,46.88952416228795
120.14488196371624,22.996112634125126,45.0483964787016
120.14495211687819,22.996179879787768,43.77936570122658
120.14503459589689,22.996249776559175,44.28067517755208
120.14513318666211,22.996317036073215,45.0719018387766
120.14521267976882,22.996368246380033,44.43210388694431
120.14531361698417,22.996411154414634,45.643320715782124
120.14538097092819,22.996420406253495,42.39951015661375
120.14545790850472,22.99644731151184,38.614058592228396
120.14551958331802,22.9964996612381,39.56653438952871
120.14560050852194,22.996564041467796,44.43676439219667
120.14567218498792,22.996587976273,44.284511225565836
120.1457617954071,22.996626508236105,44.052006103865864
120.14585912132365,22.99664817104262,45.291674772500556
120.14594481540384,22.99669626865404,43.93732426841719
120.14603702931898,22.99671457543635,46.24687899161391
120.14610086813569,22.996695880232988,40.33404861770949
120.1462028461129,22.9967655651441,44.578668167767894
120.14628876477038,22.996824684185405,42.777706417457786
120.14632304963452,22.99689431406692,37.30639507893717
120.1464604954342,22.99693817880416,43.12229427838659
120.14653307486205,22.996976880233092,42.019509088914916
120.14660150986423,22.996988432809584,44.54510774908756
120.146662032844,22.99696138274318,47.34541793813636
120.14672099504469,22.996976400543545,48.9518278935514
120.14672837554262,22.997022647678897,40.57964938962139
120.14678835499873,22.997033081580174,42.16411407791928
120.14683409250317,22.997097194524354,42.61982948689344
120.1468949593425,22.99711121860476,42.471411445214784
120.14698265028657,22.99708977046632,43.138165079440746
120.14706671460553,22.997135892128785,46.74946622607477
120.14712461288701,22.997170498532274,46.81612808926003
120.14720128378944,22.997206284423584,48.57594324980755
120.14727786159517,22.997245396270593,45.50688039135218
120.14735677272603,22.99728769640307,44.84321694677593
120.14745002642731,22.997317673797042,44.63868278104709
120.14769273414281,22.99724063656382,68.89179702763984
120.14781872292136,22.997249866662383,74.95862992508069
120.14777148687035,22.99741172810206,52.59487963963832
120.14783276977577,22.99746778715703,46.820348763078236
120.14791502178042,22.997524322950404,44.44758612048102
120.147989464096,22.997563553803296,42.151457097985585
120.14809680330207,22.997599465296034,46.2895545662479
120.14816981450241,22.997646562592433,43.53546221016799
120.14828309723973,22.9976707764226,46.92551493811317
120.14837595308605,22.997722851628446,45.74830140419766
120.14847490291132,22.997758229660146,44.99359994742272
120.14855491196198,22.99777812372782,49.636489940839745
120.14857505447847,22.99776774531914,54.095671905865565
120.14868583825587,22.997836699763056,56.33665114695973
120.1488101182865,22.99790789080611,55.693545273219605
120.14891932647645,22.997897036276896,45.073960736420766
120.14904802106184,22.99791749225394,42.639828617478784
120.14915272665792,22.998003430024692,45.82412147959209
120.1492267480225,22.99803150944552,42.24413823276212
120.14934119105375,22.998092387105157,46.677604778714745
120.14943732654766,22.998124664259684,46.636185230874915
120.14954585325235,22.998175666068594,47.40444034641281
120.14964019973745,22.99825266134353,46.14275258846952
120.14973442323786,22.998256991841465,44.714929842525045
120.14992086516196,22.998260287747428,58.980863634332614
120.15006706291976,22.99827584966551,70.68235827865347
120.15005790210657,22.998352136216415,53.8713708771348
120.1501914566817,22.99835354008356,57.46268324647182
120.15024230565294,22.998493350605145,52.879563599464205
120.15050334147169,22.998411889125038,81.92059551383761
120.15061158457095,22.99842979860071,79.77697620996734
120.15052312059014,22.998645276989514,48.92547034695019
120.15062939063,22.998682101454538,49.778517906997195
120.15073006571922,22.998704850509867,48.01691438045215
120.15083078923438,22.99874007360366,48.16791600552123
120.15092952635206,22.998766303855266,49.44770665082356
120.1510187319285,22.998812299635862,48.115806965480296
120.15109148979384,22.998849553512063,43.19274565917282
120.15119114445821,22.998882268334107,44.002813696674195
120.15123699292491,22.99893676086041,50.274592582554554
120.15132323844341,22.99913170927531,68.50046560618988
120.15137789850455,22.99927842372518,85.85943637459512
120.15146544319134,22.999375606919887,95.66514104591651
120.15169751610298,22.999291731386116,67.98791708593522
120.15175334431214,22.9994362764453,83.3635241947785
120.15180363526416,22.999290695613638,63.52172221998897
120.15189336509316,22.999224583741327,51.458345985792256
120.15195289961153,22.999237227790093,49.904415459511846
120.15202703015038,22.999278598864034,50.235880042991916
120.15209055843006,22.999279310987017,45.12097481169037
120.15214391277375,22.999282437839913,42.468979842146666
120.15218965483531,22.999293189920564,39.69657840743057
120.15224319714515,22.99931126496288,40.69907433507482
120.15229229913298,22.999360927970812,41.80591591773999
120.15232148789678,22.999377369235457,43.48933997481984
120.15232924782272,22.999338068891273,41.631959874342854
120.15232455592492,22.999354688678,42.644991670027984
120.15233671456505,22.999353596559516,46.95365058942623
120.15242552195616,22.999390955887456,50.736214585312446
120.15245207643329,22.999406687619388,51.940766788303755
120.15244568906303,22.999396306166567,45.873306679911416
120.15241292747565,22.999376996684468,40.84598535213567
120.15249000870804,22.999415550843754,37.01966236514665
120.15254487826819,22.999460124104633,39.952525905259954
120.1526282786033,22.9995074320319,43.01258416571791
120.1526714653058,22.999486067298058,35.9124839661087
120.15277610550864,22.99958314803627,43.44330898865679
120.15280505578457,22.999646260996865,39.85633328603648
120.15286864270504,22.999646043283867,42.159232504191785
120.15299721747142,22.9997048739342,50.56168941115615
120.15302193447283,22.99971269521753,49.45468626405704
120.15310611676337,22.999755405306452,47.19736496728066
120.15322164347728,22.99971958417245,60.02606750980698
120.1532458382254,22.999784843342606,57.99205492505429
120.15331692782,22.99983682508776,54.49487237873555
120.15336016846837,22.999906877640072,51.55856077718524
120.15346079675837,22.99992524698184,54.795372646093284
120.15355011272887,23.000017169392414,61.61002801758725
120.1536105823995,23.000048156712598,60.99699832830047
120.15367715098468,23.000046508534755,58.99874050826726
120.15375812715894,23.000037038440855,57.23871659113886
120.15385843146672,23.000085564478358,61.67196587200037
120.15393115180935,23.000098811987552,59.704000359483246
120.15405040080786,23.000057953334416,49.40527025612698
120.154103193518,23.000224868718337,64.02768525170218
120.15419564216836,23.00030460671333,58.46834147052998
120.15429112102646,23.000309987607896,53.50666745331098
120.15434341143569,23.000273853032017,45.38834410631243
120.15435864647974,23.00028006920538,51.734135145666016
120.15445306966049,23.000377925972423,60.505676371001734
120.15455166992554,23.000390005894175,51.59263504683327
120.15462753345848,23.00041424508823,44.487655398312576
120.15474507857529,23.000446724814278,45.45969293764192
120.15485485954324,23.000520269626175,47.628968420152795
120.154883253447,23.000497033331843,38.480970017544585
120.15499980812699,23.00053754721204,37.82622672463459
120.15510748091558,23.000591461171346,39.24547644269872
120.15520980114803,23.000638791688615,39.23667215261463
120.15529814149376,23.00065918017316,36.62779430264047
120.15539018393204,23.000711709879436,38.46284398104803
120.1555148483221,23.000753341580072,40.474607780714564
120.1556146126834,23.000833577253097,45.25095803895749
120.1556839064981,23.000900170707716,46.93375690035644
120.15576650997585,23.000959169718612,48.1406615943782
120.15585366687812,23.000986642623257,46.549400221558045
120.15597091146152,23.00103658338315,48.56795048913721
120.15596525765771,23.001020897141434,41.69434444975488
120.15610769880894,23.001093582077075,43.923171366052834
120.15617575424302,23.001140292827834,38.76808059306514
120.15626776418445,23.001176633454186,38.64467278328888
120.15633516317455,23.001222044661738,32.2891849235935
120.15644126702823,23.001245191734775,43.87743717966061
120.15649336096351,23.001274610727574,32.53130237741352
120.15660056638733,23.001314414265927,35.98628930281785
120.15669337546915,23.001360328706685,34.53944828334444
120.15678465935423,23.00140194902647,35.11383039072235
120.15685628353707,23.001471491979547,30.891897552592916
120.15697632513422,23.001493457426935,36.110403500536066
120.15708309648123,23.00152527259372,37.852130574108564
120.15715139425595,23.001584425183914,34.72157034658958
120.15723798137674,23.001622865649825,35.607349852457816
120.15731555468473,23.00166869935225,36.52853296280827
120.15739660344406,23.001691299540123,37.67284605940985
120.15747418110848,23.00173880314086,38.28517978767355
120.15754650946361,23.001769945784588,38.06240404218573
120.15763174271099,23.00181399061797,37.33520002824296
120.15770663612346,23.001823306562386,33.69256996960794
120.15779120327821,23.001855801692795,34.48265409317125
120.15787951718846,23.001896018329134,36.46873561273083
120.15795252533869,23.00190790358648,35.37620000888706
120.15803681419679,23.00193941878097,36.44077614878342
120.15808958544986,23.0019703212332,33.97432380191968
120.15819758925885,23.001994287428072,41.262789217649875
120.15827917994108,23.002003049237786,44.00792133612417
120.1583652117233,23.00204692488347,45.10760756860994
120.15844683187662,23.002089164803827,46.97924245769924
120.15850633114673,23.00212437564314,43.39303458191658
120.1585651127118,23.00216154410365,43.75770475277236
120.15862188286944,23.002173345930274,47.46085666968253
120.15870741189792,23.002205109222878,40.74199668943021
120.15877494697381,23.002255436207967,42.32970481332506
120.15885438532945,23.002286330993197,44.92601266973797
120.15893361993233,23.002305711633365,44.28399874688147
120.15906703796304,23.002293957662538,56.139993522212364
120.15910832373409,23.002351751544413,49.04663836106214
120.15915742177418,23.002411751695774,46.16132253945769
120.15921767333161,23.002422172850093,52.02694254891177
120.15929372770444,23.002510944769288,64.55374844213664
120.15943559020101,23.002455469756654,55.22552283101593
120.15949964803116,23.00246182214868,52.93000868813673
120.1596045142351,23.0024784450836,53.41501675444801
120.15966730282207,23.002498066446236,58.09581021584245
120.15975268629123,23.002562956923303,65.89881042310572
120.15978442029419,23.002499409746648,64.82323950916276
120.1599251008659,23.002653877691426,76.97797607759448
120.15997390113647,23.002674105461946,75.05430969786043
120.16009660828195,23.002752325759978,72.1588698135963
120.16014680748317,23.002684676358367,64.09034080675843
120.16018700140484,23.00277358717084,78.80803636038891
120.16023514092154,23.002720310620678,77.3320982839328
120.16033600036886,23.002758720361907,82.25740115790852
120.16039770784842,23.002813390366196,89.40678569608953
120.16049523444846,23.002701323218584,72.5171825308785
120.1606537942719,23.00276668437459,73.11535363857631
120.1607809326964,23.002748391523603,57.59356539588052
120.16097507600183,23.002799928912317,53.237737481478405
120.16109034018551,23.002891234261906,63.56782893246161
120.16114063282352,23.002975188377153,74.76964703676845
120.1611748318231,23.002964355462908,73.09993687930796
120.16125110959965,23.002939365467203,67.31033157418531
120.16136646874794,23.002984022101607,72.65256501020855
120.16142556100142,23.002878242805874,54.40617555562815
120.16148903212357,23.002795861550307,50.521356395619264
120.16156142152617,23.002815426634985,52.46381726931498
120.16160201424856,23.002931601376158,68.3777787245268
120.16166949712122,23.002956666419262,73.64657768579914
120.16175965002935,23.002996496839454,72.51387454708122
120.16184504288366,23.003018840265646,70.19743638573988
120.16190153366163,23.003114351612023,89.31679638126701
120.16200727581457,23.003098988741986,88.757052022269
120.16212859316384,23.00304201358871,83.41424188465399
120.16218140996509,23.003133161412745,85.51571654975332
120.1623084690955,23.003142584039317,84.59578784763306
120.16237384862659,23.003025117525134,73.14265222516086
120.16241718533777,23.002970635367,69.04880089974058
120.16242211947495,23.002892948807567,62.199998442135104
120.16253165723303,23.00290551692846,67.71119989554813
120.16256709524788,23.00289583111868,65.11151993811023
120.16261628206956,23.00296713822494,71.46461720366162
120.16269721944053,23.002976577479412,72.85666416990381
120.16276138834202,23.002933426257364,71.21382880761412
120.162842522301,23.002849493508943,54.98932413915734
120.16293515709033,23.00279329557702,56.937398507356825
120.16301298540017,23.00279349246581,57.40147800845083
120.16314442090506,23.00265877416245,40.57794747252335
120.1632076990766,23.002654195016284,41.37726550901629
120.16327755461847,23.002688222890537,48.53969385503347
120.16342668430302,23.002726771871792,56.03608957520682
120.16342692646236,23.002709981414867,61.637306483613386
120.1635121843822,23.00253610436553,39.94316609634736
120.1636014722326,23.002629554323256,52.593894797126524
120.16365113712008,23.00264363537801,56.03881983779232
120.1637314616353,23.002620164128015,53.090535979695524
120.16387617037053,23.00270212186548,63.3920182363357
120.16385317408294,23.002640461381702,57.240282027525566
120.16389211512907,23.002579695653633,52.11606687783345
120.16390101838424,23.002539268456857,46.85581298557878
120.16381944155683,23.002461600357226,33.64966561059465
120.1639232090978,23.002536380559626,49.13518433981914
120.16397473368094,23.00253710197655,52.37189269328172
120.16410128292247,23.002664823682856,71.1960189181336
120.16406607221036,23.002472391396,53.05334088569872
120.16403462114718,23.002499200284998,54.14017027374501
120.16413811760587,23.00251210480234,59.17572952393398
120.16404377064701,23.002474264927184,51.286487198899316
120.16407559937305,23.00246165042089,50.931076328989235
120.1641952706257,23.002512280479362,64.00005800013052
120.1642242905489,23.002556037391997,67.63518450348981
120.16422692292572,23.00249889428251,61.196790268126676
120.16423495366983,23.00250193650732,58.60677873968673
120.16424174544169,23.002571639049368,65.57243947137837
120.16422799629048,23.002565136389485,58.02197957851114
120.16426434477124,23.002586268729967,66.79192107562059
120.1642485269133,23.00255122752973,61.27339285549945
120.16426018945883,23.002636785367926,72.38247402732044
120.16429334763664,23.00255758632217,63.10037558916569
120.16425532638904,23.002575335272738,58.819129640131514
120.1642492262622,23.002620741035074,57.96738527860599
120.16430298195222,23.00261613921981,49.832265954165756
120.16435540058269,23.002612781131567,41.04973424162172
120.16440959586274,23.00263883780434,41.9303671954118
120.16450726339434,23.002634740252503,45.35376261729968
120.16459678419085,23.00265018786525,47.33842696240307
120.16467538929918,23.00263233870531,43.93802171668508
120.16475183223545,23.002636963752394,45.00716508212132
120.16482576630786,23.002659681538766,48.729640483127014
120.16490912912289,23.002650625605234,45.10917019601615
120.16501178975436,23.00277140531742,60.96361246541518
120.16514180137291,23.002655396569235,46.326067941102764
120.16518436451422,23.002777265219887,73.1049105834237
120.1652957854503,23.002755324261752,74.7320321959222
120.16533370655331,23.002720644513794,73.11431179544626
120.16546634471402,23.002528752291052,50.95480008590933
120.16557514896442,23.002454376384097,45.640911141963244
120.16561494100306,23.00239878309023,40.610613140908534
120.1656940746447,23.002346149514334,33.567215502408544
120.16575292074423,23.002462902802595,51.222609371362346
120.16591333310255,23.00234578507896,45.8222530565561
120.16597751386858,23.00232647148731,51.71257866344833
120.16612807363474,23.002313113142915,55.203015052117074
120.16624339487603,23.002414692190708,74.87792723698854
120.16647470733457,23.00239023281739,68.3691882549071
120.16633978112165,23.002105730137945,32.96155463359503
120.16649038253462,23.002191740646634,36.777077889490876
120.16654563055957,23.002106573633412,36.339635924816825
120.1667417396585,23.00215786116938,47.51187754351107
120.1667394494391,23.002229804115938,67.39108022323033
120.16686147490189,23.00226124247848,74.9882023852562
120.16699566588252,23.002331327182233,74.83366152660741
120.16704022717359,23.002363171789707,90.21878404463904
120.16714076634375,23.002454265336493,102.93916120415683
120.16717181627587,23.00250933536499,118.96130931498406
120.16731749572558,23.002052476479765,63.00632500754667
120.16743903190171,23.002619842693758,144.29957504930806
120.16747439033462,23.00199221010036,63.67815592771585
120.16750997256042,23.001919765994316,57.048558291132245
120.16754489706258,23.001909471965305,59.09751177211288
120.16774732526451,23.00205020725739,77.9981289453959
120.16777375399326,23.00190860091764,63.646482188694016
120.16787338132721,23.002132280960215,93.7064884663744
120.16801941952866,23.00207029987586,88.67113549546718
120.16795632504838,23.00178356861504,56.21309364895109
120.16809335720832,23.00175979383004,54.5701448596518
120.16815458246643,23.00173413538869,54.5204628652059
120.16820880572384,23.001756761053247,62.62391010255435
120.1682804931078,23.001725916191386,72.73070814231133
120.16848748118072,23.001857432545822,84.91807828117967
120.16859727331797,23.001825274406123,76.74992489083212
120.16864236456712,23.00168768670131,67.24230750602693
120.16881824376458,23.001733340040808,82.83629144626883
120.16873720896083,23.00146494897621,53.51350888046894
120.16904733670579,23.00152765358865,69.80850970264017
120.16904562413116,23.001362058001362,54.5814085302675
120.1691653802407,23.001454027091345,59.17614895848565
120.16929637888772,23.00143246978809,64.83504636497146
120.1693414951895,23.00144678624866,70.91794395737409
120.16948823040632,23.00144408241563,75.56111609370245
120.16949447073623,23.001124302298145,36.60958674469484
120.16967234781083,23.001358504318997,71.59127738343942
120.16977166335184,23.001329326518768,71.70180604760581
120.16986865775245,23.001288127822693,72.14055686085172
120.16995622348449,23.0012286739583,69.64020750579209
120.16999836676935,23.00109491767822,55.880840430912016
120.17029922520763,23.001129407005205,68.34231524079296
120.17043952889895,23.001111632007454,71.37732722880966
120.17036799599741,23.00093647526131,55.3701409485133
120.1704424498658,23.000867371868793,51.839085509111435
120.17062963138352,23.00099136282737,68.20785481628295
120.17064198604078,23.000918624994135,69.48228485826446
120.17076074769626,23.000885200666097,66.86173167465901
120.17094067120127,23.000889481219374,70.42960528450321
120.17096515103205,23.000736134912582,57.0962220301513
120.17101329618467,23.00064616027696,51.6665587142296
120.17101973522598,23.00048334676711,73.52005822740517
120.17115702226556,23.00055645809753,66.62107470342514
120.17126606141638,23.00055174576375,66.2015916353825
120.17140850894475,23.0006204582878,60.26110272094645
120.1714293758192,23.000432484192903,71.82437055133656
120.17161014317114,23.000503647797025,54.59120813227924
120.17169963624069,23.00047298217444,54.44714076413075
120.17178418947948,23.000441474325875,52.152081215933954
120.17189503746707,23.00035045876464,49.48013754459466
120.17192699307215,23.000236799822098,54.06299670286302
120.17203066481129,23.000251576471484,52.59993601765845
120.17211936293799,23.000215553614563,55.666247845617065
120.17223584386443,23.000220878862454,60.85866031311711
120.17231858893929,23.00012962178757,57.377910583056
120.17244143722415,23.000179986349654,54.28369480658749
120.17257820085489,23.00024141667296,60.118787058934416
120.1726637370174,23.00019451023695,61.696590985929646
120.17276317022392,23.000141001741063,57.85125574529914
120.17284711723981,23.000123637789514,54.75034231773956
120.17292363997517,23.00000964773261,54.66591236518004
120.17303667403719,23.000047275063242,63.464664012685056
120.173121777058,23.00003684810724,64.57471066281974
120.17321755187677,22.999980359288582,67.82050323115742
120.17331997460529,23.00004463184818,66.97619039600772
120.17344809844153,22.999990786948874,64.7824498868794
120.17355410072925,23.0000062092373,71.71884533835637
120.17359556346901,22.999830256322312,57.18992673906319
120.17374526727689,22.999894424115656,64.25353100034191
120.17384281796252,22.999829219530934,61.6108860233573
120.17398854468479,22.99983217927696,82.99629924957948
120.1740310289055,22.999690433312114,67.30448505697959
120.17408226010676,22.999592725072162,49.904950688093905
120.17416082628095,22.999492403008894,46.03010941986999
120.1743971273079,22.999572222295935,58.35108297311125
120.17440003335048,22.999405075878382,41.955041990778305
120.17448046886945,22.999380244466767,39.53844763542177
120.17460056319591,22.99936399900359,42.280834732779084
120.17471544224422,22.999510338713844,71.44156225484612
120.17476548307887,22.99953643476098,77.37539580690112
120.17497559206251,22.9994081395629,58.73640187624721
120.17502913872768,22.99924991488031,53.31103055802546
120.1752186313216,22.99943804773334,76.26540713007716
120.17509579539859,22.99918153520395,36.59712606395383
120.17552487931049,22.999643549045498,99.89393923778769
120.17553727418381,22.999534048275102,84.76884181178026
120.17548162954385,22.999210448028215,42.17440124500445
120.17566340324976,22.9994021779067,64.12883172404311
120.17567088066023,22.99977451831481,114.50616882828479
120.17575341288136,22.99933839232623,56.381365294654124
120.17578189038788,22.999206658488248,42.45248545766658
120.17589046830686,22.9992162070617,47.39156147946605
120.17594710587983,22.999272385420692,53.039556374818794
120.17585074861834,22.999239779154777,47.29999842711837
120.17581679939221,22.99945708783161,82.18337264749164
120.17591546841422,22.9993497464151,71.41092409405901
120.175908298884,22.9993348631712,72.29338694420551
120.17595077486563,22.999350347749317,71.74985931455392
120.17597498687829,22.99937675007297,73.0878847244178
120.17590676244897,22.999291312004996,52.679572118295916
120.17590601922105,22.99937594965075,65.8522222756424
120.17599159616954,22.999310491051084,65.59045339911411
120.17600573166408,22.99932500791353,61.793772947407646
120.17602541403832,22.999425035771058,74.9075576261148
120.176008967252,22.99948954075328,78.30389583395292
120.1761015033717,22.999550339196613,80.62913204515601
120.17602470443597,22.999527822379463,80.66702402798066
120.17598794626488,22.99955474090152,72.60344222687003
120.17602703391647,22.999531658415535,69.68271089966844
120.17604835696746,22.999503821221346,71.77255463276224
120.17618011841664,22.999452783011726,62.59785562565736
120.17613310216255,22.99946826850822,66.06200860592314
120.17612788365231,22.999580957350553,77.47860664337674
120.17612587400032,22.999615255359267,84.81276270915187
120.17633664197969,22.999615619580542,93.78963451112573
120.1762536623084,22.99961157797471,96.30119643055913
120.17630337911497,22.99958241231607,101.5176687265589
120.17603688545397,22.999359831210537,70.8224765106179
120.17602320419566,22.999398025825585,80.20189998584051
120.17595408801006,22.99936924605995,77.61937776147313
120.17599655937133,22.99938472391895,74.64053478512636
120.17597082283211,22.999291867397908,63.43381966952319
120.17600075441959,22.999365259427474,72.75106035322018
120.1759866700064,22.99947740101077,83.8497198252442
120.17591203615632,22.999349423239124,67.58624676833733
120.17599493029525,22.99919028305273,51.58368367247456
120.175975034075,22.999330350612745,67.35466506363156
120.1759852061901,22.99937962735962,74.58095287099192
120.17600481234372,22.99941810362492,78.68784118381787
120.17601787639435,22.999247781893843,63.440447652678856
120.176051735332,22.999199697279355,62.42397381506017
120.17599960924927,22.99930635946177,76.74521932325865
120.17597186009662,22.999095345248637,42.91584815118764
120.17593949842005,22.99930779182811,70.13638432126788
120.17593023284947,22.999338532769553,73.93003059463504
120.17590674973727,22.999408627408858,80.63164311418913
120.17595109311277,22.99941160752713,76.08454883563564
120.17598680152335,22.999394235934425,76.94374601277046
120.17604835284595,22.999345711136872,43.55264446211838
120.17605769387552,22.999370644975627,56.98493945160865
120.17594327802847,22.99942690757355,63.58739383373717
120.17589958680828,22.999308345696388,54.172458171293634
120.17594867088728,22.99938565441519,61.3549937826958
120.17599228979076,22.999437685135643,64.80065781481856
120.17602474751337,22.999311453389577,56.926428551630536
120.17611804873152,22.999265994747326,49.08326800182698
120.17616853633177,22.99930217878089,57.21463234365786
120.17622826815567,22.99921873260044,48.66365717645201
120.17625747807537,22.99924554828255,57.251197494687304
120.176324691873,22.999265036867612,58.557624898238664
120.17643323495497,22.999416791832463,78.99657029666709
120.17646658446161,22.999527252740837,93.68967947596661
120.17671039916537,22.99918250451823,48.69309627307847
120.17682034393611,22.999138122393727,45.395886843157925
120.17689080754963,22.999304255473145,72.12281993187061
120.17690699281735,22.999297817509923,79.87829254021096
120.17705657299771,22.999536412381573,96.23708431427677
120.17715915579177,22.99960131201781,101.90224946954577
120.17734424264206,22.999468238476872,95.68364535831185
120.17743398764922,22.999423871776234,84.31234412044226
120.17749342199441,22.99935800433661,79.98381272852514
120.17751146145773,22.99929920087197,76.85667893567843
120.1776673707529,22.99927683633432,76.01230580935366
120.1777402130232,22.999290748214815,72.51359411140666
120.17781959167334,22.999241758867402,76.4400119623281
120.17788878041475,22.999235053063284,77.10619731246275
120.17805163570546,22.999275201936946,91.8865785716148
120.17812525169295,22.999224842496396,97.41791037682376
120.17829445011249,22.999158306389294,73.68906000653048
120.17829140151693,22.999534833903745,131.2006300420711
120.17838194924553,22.99972074598851,131.40811441400712
120.17839903538768,22.999965210460918,146.80802864954936
120.1785290841368,22.999991439027816,160.63711303350124
120.17864942567175,23.000099367602918,190.08866321492673
120.17877864448415,23.000076884157025,172.7957975434892
120.17894079033556,22.999754874637706,112.15178893207344
120.1790774839124,22.99980911778277,119.21798041560479
120.17891798601126,23.00016929562316,174.95851150341187
120.17905261905094,23.00017589630834,153.39553083826675
120.17920368010883,23.00010460594691,189.12845757093123
120.17931705045793,23.0001139527263,193.8372877172822
120.17941581079384,22.99919149415383,61.927068066279055
120.1795793225322,22.999260164041416,65.90145209182894
120.17956513753722,22.999137464772613,58.86264099828767
120.17960211834347,22.999178094189517,77.74553022313538
120.17967836403072,22.99907730850904,74.23570065288976
120.17979342676686,22.999101019404137,63.042637165359125
120.17984954862216,22.999131042355387,71.3660375017566
120.17992742795859,22.99918378287,80.80116568260334
120.18003809670198,22.999192726815146,80.32251702512671
120.1801615566865,22.999210674272025,81.38628499676744
120.18026750775145,22.99918482468126,90.69461273315137
120.18040697132984,22.999177618697267,84.1995597128375
120.18052774447521,22.99913720322786,76.32864031207426
120.18062182379617,22.999123774475134,71.53040278062801
120.18072736240126,22.999105379880238,61.69012256261813
120.18084080283438,22.99914235079873,57.464053277711436
120.18090728318184,22.999154048227055,55.74996391175946
120.18098685052995,22.999160458390328,55.528792066701115
120.18112509038367,22.999165407934544,43.9286295771226
120.18120788025779,22.99937881737642,60.386252766598794
120.18125809553413,22.99928888308071,75.64241741803649
120.18141854547807,22.999329748983598,81.32977633737454
120.1815430522918,22.999157084588678,59.51330413253155
120.18167803432091,22.999129374244813,60.547263617444955
120.181737865557,22.999136952844523,59.63546113595919
120.18180063984568,22.999147072887965,55.72451636415933
120.181839908172,22.999100807934806,55.97554841776082
120.18190723043874,22.99910376411837,66.41079982138231
120.18200035924941,22.999108870285383,62.96669653532668
120.18213164785712,22.99915718784096,64.1915093590792
120.18223049208959,22.999195532114076,71.44606957251551
120.18231909664041,22.999205796671717,73.61190068415902
120.18238685232339,22.999191773840096,69.59256437594297
120.1824767368946,22.999246541122858,77.1901412015231
120.1825498508463,22.999265201232067,78.44169420271156
120.18258040085942,22.999156728041914,75.84492280965901
120.18266269844905,22.99926847108338,77.19031996026222
120.18284083872055,22.99912946928044,41.812938354668596
120.18279788766363,22.999354316780405,87.83961126634752
120.1828678907372,22.999232867951186,76.71510850128792
120.18291049411114,22.999317982142156,85.18170168969156
120.18308187734009,22.99947266028475,83.52861998072821
120.18314503228207,22.999146619756825,53.851980922156315
120.18325766497627,22.999323500395164,74.20300475578472
120.18329175166195,22.999131038878545,50.288790390920596
120.18334653432908,22.999180661717993,55.31360910350651
120.18340006712246,22.99921538254415,59.22523111326116
120.18348680011057,22.999181009395176,58.866805431793765
120.18353894128816,22.999172911448806,59.29977913745322
120.18359157277628,22.999108022163266,55.16379525265201
120.18362747914229,22.999060182895704,53.42304641500111
120.18355622522058,22.99914743560822,45.10902721597038
120.18366353439437,22.9990993263749,61.657362219465504
120.18364513610224,22.999114612761428,59.181004080567256
120.18380596977035,22.999010134202116,72.42730940202068
120.1837747113461,22.99895252705025,62.64088368936868
120.18379237429039,22.99893535306848,60.23596942167152
120.18373810659695,22.999025956319976,50.634869708020936
120.18377947748087,22.99905276907288,59.038506421355486
120.18378591066114,22.999011949317055,55.483547951570024
120.1838525024478,22.998968921161982,66.80354828851137
120.18381416866622,22.999028519107984,60.82000112055317
120.18380577269645,22.9990392266911,57.73309026636882
120.18374968060114,22.9991327713904,54.48394008218417
120.18383741908603,22.999085539657507,60.521269339113054
120.18383370170947,22.999114466747237,52.30426423512892
120.18392182301754,22.999050933368462,56.62178561667031
120.1838661124254,22.99917716739289,39.67302400815971
120.18395602985301,22.999167542381674,42.13381213972014
120.18404442971853,22.999172303987724,56.97392731037441
120.18408312055806,22.999286017707735,66.92589348947529
120.18416803729086,22.99937089941542,82.53061740744377
120.1842551842031,22.999389119998956,85.7715608713646
120.18443645761258,22.999371210780502,80.84430593312565
120.18454520489931,22.99926497609226,68.92081580899966
120.18459854906517,22.99931403267684,72.17731592251218
120.18482676447299,22.99935603499354,62.47669530026944
120.18491551144268,22.999325617865676,65.5616205203428
120.1849701665224,22.99921475426728,65.87579366955964
120.18505972268508,22.999191363017758,60.4203595141095
120.18521966010647,22.999267302825352,69.53691933832563
120.18531089050069,22.99921859238138,63.37887746430419
120.18539909639657,22.99926544674988,73.25319962804382
120.18545159219136,22.999210953323622,68.12392049838647
120.18549104761684,22.999112646210964,57.502620149484656
120.185593418672,22.999171227517703,65.08674576282627
120.18565927668817,22.99921885746592,74.06341978449261
120.18570120922655,22.99932825452682,69.08344865113506
120.1858285622624,22.999281264218993,85.05482083655914
120.18600116589076,22.999333674946072,89.69805777960688
120.18608963092828,22.999382245266993,94.37350769636149
120.18612332795819,22.999478061124247,92.96523170412893
120.18619206829986,22.999439425234147,102.41768230824566
120.18621216459603,22.999210938725756,75.55235555160105
120.18637208605286,22.99905422061886,55.946271700837265
120.18642883162359,22.999057174901356,58.74945608163665
120.18646976443637,22.999044559000986,59.0958136871965
120.18657183359889,22.999051858241494,58.98868164838038
120.18653678089915,22.99884807230035,85.17542080968643
120.1865886983659,22.998779581570805,85.28427515130161
120.18668707225721,22.998810831949374,87.19859384962648
120.18684566254942,22.998903102865523,65.57377375227851
120.18693865539795,22.998875192397186,80.33870664663178
120.18709553756365,22.99895068129364,69.98193913474346
120.18711269093238,22.99896859343677,65.40494601279171
120.18719204808242,22.99899209935863,64.89501994282536
120.18722934033082,22.99900448469097,63.47905495449148
120.18727778032637,22.999022525178976,64.52347850533167
120.18734553622004,22.99901802052993,61.05731768282765
120.1874000987363,22.999056300006018,63.672907632225105
120.18744388604559,22.999096276747732,65.92223943014785
120.18751002634129,22.99914521125581,68.3658871793814
120.18758004312434,22.999209155527513,81.9155185295399
120.18767491044723,22.999227904008848,83.71147358413924
120.18775968273077,22.99923964439244,85.09641582712645
120.18783269249293,22.9992915110595,94.859884159555
120.18790279019782,22.99935379580298,103.30644541532277
120.18794579588828,22.99949802547665,112.42999197601654
120.18802409283278,22.99952577685669,117.65120108832205
120.18801351406105,22.999372754719882,132.06577949387386
120.18791256701331,22.999053064528646,152.81890284326826
120.18790630644519,22.99881393727042,149.57364927035061
120.18803498683424,22.998761649867394,128.41981567051985
120.18813026575833,22.998758179812942,111.9194038185624
120.18835607639858,22.99917700058364,78.99341453468294
120.1882556937378,22.998973917062973,107.88232373202977
120.1882983523125,22.99892251436505,106.11728960249714
120.188387820528,22.99884964802031,91.54972845389516
120.18842481393436,22.99881755159307,89.39921689620553
120.18850316978495,22.99879620846016,74.03654952702463
120.18860653334372,22.998886913645023,75.34785717101016
120.18882700554985,22.99900026870063,52.33174524763296
120.18891545076995,22.999039075578285,56.50039185886416
120.18888679259568,22.998946220663914,92.72227167265856
120.18896774975406,22.998966280967704,99.93865127388823
120.18899298999598,22.998918820936186,115.07855377585621
120.18918844536014,22.99889508273729,110.45937227585817
120.18930930470015,22.99894629240963,113.86805305847342
120.18942369708229,22.9990055371808,123.24996731413152
120.18934626799445,22.999076391624694,115.89674675315844
120.18942051245591,22.998968658828236,116.70154180719723
120.18954497076894,22.999159228908425,123.1761671001994
120.18959754240838,22.999252349491556,139.50359327743124
120.18960421483061,22.999088829701712,131.33091648262095
120.1897320784642,22.998743140159277,86.49148153091446
120.18982038515219,22.999037147987973,124.39319572394444
120.18985098402634,22.998687814589758,85.11987153893305
120.18977400916155,22.99843647566349,60.959330190864684
120.18981980404145,22.99834052056219,53.77660537191152
120.18980119770339,22.99824265239041,26.396786457211153
120.19008725155453,22.998345857929685,40.44847621056917
120.19022001236794,22.998633420198274,122.55836184171213
120.19019533279929,22.998833823147486,114.92315688559654
120.19019435119836,22.99895285654888,124.31904142334147
120.19012468855081,22.998717240057243,100.35724124789276
120.1900580365586,22.999384052958945,134.4308400781915
120.19040890335779,22.998905938414687,1.0733532183435803
120.1901712309875,22.99892017427701,79.9136224940295
120.1901673528491,22.999053983249016,120.24381548458038
120.19031055688322,22.99892480839022,113.44113527881612
120.19034648975315,22.99909357938128,111.03679272520546
120.19064578710667,22.999033005021474,71.82560542880434
120.19069264350529,22.99908640181913,47.98702183308129
120.19080526012877,22.999103118414748,54.38113680121734
120.19081351309588,22.999381379443914,76.53551192211559
120.19080506168795,22.9992638832398,77.45112268728074
120.19093164008993,22.99922491669633,74.24074465966375
120.19091225913394,22.999397169094987,67.36154564429123
120.19087859338069,22.999387088486987,60.6329589776577
120.19086699606494,22.99935851720388,53.10960813803417
120.19088889778311,22.999374197640485,46.76172839499361
120.19084930573256,22.99947999323348,61.39992656054162
120.19083495727519,22.999589704448432,52.57511430928922
120.19082665127527,22.999469264666768,5.537159154253649
120.19087206469395,22.99947113005711,41.56193730960946
120.19076817811222,22.999439544995603,76.48988115644714
120.19076950227264,22.99944016781655,96.97727857462918
120.19079489021749,22.99943037045837,60.54456562794308
120.19098212012578,22.999302877325785,67.29945770337851
120.19103775446895,22.999397448600707,74.82954139725875
120.19101986510603,22.999368917387166,66.53162051960194
120.1911607250961,22.99936899496707,55.62480223597104
120.19115279391565,22.999426875906895,58.68718736142345
120.19116523452759,22.999522579762726,41.81077815849421
120.19127358306496,22.999509129310375,47.28484702215032
120.19139805181669,22.999557811518997,71.6869065712494
120.19147985865034,22.999657650022925,79.68256420823305
120.19137407962408,22.999818549460823,74.01802319366035
120.19152989621055,22.999800675533027,70.70052250266686
120.19156683066731,22.99982702130428,62.50556229056889
120.19166003072004,22.999892106809035,73.26461362601836
120.19174389595958,22.99990871362011,58.767447862147066
120.191802566789,22.999851142786298,63.34710836152086
120.19189395727564,22.999844291089076,66.26990965389344
120.19205632431661,23.000011892293454,73.73055893599923
120.19209260474118,23.00015771831192,88.20906651791903
120.19206029931102,23.00034911532383,96.0698433234825
120.19213707534789,23.000472700693816,99.7129893958767
120.19223279065406,23.000471810948568,93.11941443038761
120.19235354177667,23.000474722565126,83.26750339698705
120.19237892663209,23.000497068063584,82.5420833540876
120.19240587504211,23.000480874114317,90.34466149017577
120.19246642487828,23.000553222813675,79.95304852393912
120.19257560710874,23.000607439842913,81.52840013124207
120.19266843318839,23.0007950158849,91.72621728877053
120.19277106443613,23.000870961758487,80.86043619005494
120.19269432295427,23.00090904310388,85.33186588211451
120.19277010696919,23.000963360674213,89.13048084635867
120.19279432073706,23.001055474785304,92.35877915562261
120.19307584334886,23.001125378121056,66.36998738650806
120.19311112449427,23.001189748375662,69.98262117324869
120.1931946987292,23.001197194458197,83.477855838657
120.19329520110016,23.00121884047197,75.99968937893321
120.1933516672039,23.001278759302725,78.8796644064331
120.19346450537046,23.00136062959435,64.89777349241415
120.1935741634063,23.001451114514552,77.9469427612765
120.19359505352114,23.001459915235813,71.40750111448044
120.1936600924186,23.001511984347033,66.64078536856742
120.19373479351829,23.001558929630015,71.2358732400516
120.19383337558011,23.001548957219963,64.2106939828338
120.19388694024138,23.001616007235857,63.75332019253086
120.19393947770999,23.00172034006912,74.55523646058468
120.19403127781503,23.00174268857301,71.03660864889302
120.19420596228582,23.00178133967182,65.58153027242474
120.19428108534798,23.001825666168415,66.62879073498907
120.19433396606766,23.001861222215766,74.95454475223535
120.1943824242506,23.001825212117467,81.97790571130228
120.19445442686228,23.00182812395682,87.40977302141624
120.19476600993195,23.001964148298295,94.09186542451872
120.1948885522812,23.002056491578042,96.58569752351735
120.19493468119782,23.00197212761127,88.90224963856251
120.19496976199987,23.001905618160322,79.79299134761833
120.19500255265399,23.001997279504735,87.56970117909786
120.19504735694626,23.002077904542677,96.78386582392366
120.19510286135858,23.002123578674137,99.0543813078111
120.19513709827984,23.002089668021746,99.78451934308391
120.19526088469688,23.002068283877094,102.7459559326895
120.1953510820111,23.002140261081273,110.75877444032675
120.19536042611657,23.0021111711509,115.2476917884209
120.19548032103876,23.002049911823534,110.97430292677363
120.19553307565592,23.002075121822397,108.73030769361223
120.19559636374483,23.00206916525742,111.61520320830792
120.19566644896798,23.00206949431349,112.10720494299237
120.19568794759381,23.00209843553046,115.47617400606887
120.19576052071326,23.002130131607366,124.25993280539973
120.19585798040684,23.002097273401613,118.70085200360384
120.19595159294623,23.002209248506773,138.82877604542873
120.1960165609483,23.002191822787765,153.70760348605353
120.19607793186367,23.002216137633553,160.41964176807747
120.1960904209438,23.002251601356868,166.95966797678412
120.19612268302379,23.00228462000682,169.4059654159144
120.19626601665516,23.001868324665065,110.90968417712887
120.19628068950446,23.001791314941343,95.36723484452322
120.19629972701802,23.001762696995883,81.0928385523274
120.19629250800408,23.001630364218922,59.06369245962391
120.19628537494204,23.00147480684459,42.04966957465866
120.19620702814056,23.00162899075838,62.03044455379241
120.19623057493129,23.001609961518575,55.69170047905692
120.19631804009092,23.001490929901703,51.416769145761954
120.19632008885108,23.00153609398785,44.17683641775319
120.19649489118471,23.001547108577313,50.501950924221255
120.19661040900604,23.00159115699826,84.09552355223913
120.1966560235268,23.001559915596186,77.5012971557304
120.19680556338412,23.001542451272236,84.67828376957752
120.19698068284583,23.001610520563275,96.0887781670807
120.19714835488585,23.001717519665494,103.45989104431081
120.19729831029885,23.001740112141402,113.11335116636484
120.19744669566022,23.00183197289154,130.6032572937566
120.19741219118343,23.001636753381533,130.45989672986718
120.19765220388366,23.001121036564562,89.14113626250735
120.19765080731216,23.000972741698913,70.06960680635312
120.19767424033292,23.00093694765543,74.13716580483847
120.19774006043728,23.000889651604528,75.49950397418692
120.19780099130128,23.000927035469545,80.63100138696431
120.1978657199162,23.000905751208446,83.70891738549199
120.19797429514087,23.0008843918431,79.25750911859491
120.19806075706936,23.00090999937793,75.14332479501725
120.19818036766077,23.000884731278113,65.27431427166462
120.19831628977056,23.0009850070203,47.578569273772146
120.19839336194421,23.00100655230567,44.5350199838596
120.19843486816718,23.00085174975729,54.451734311328494
120.19847450539794,23.000781323854685,55.05288301176668
120.1985278472986,23.00075642038759,55.03134020152518
120.19864414952701,23.00082073551653,70.68244919408029
120.19875443288211,23.000583292086695,62.62271354337536
120.1984072974872,23.000873720130514,-9.302676128104714
120.19897399211766,23.00050368232373,68.6622301240453
120.19899821912486,23.000490130375262,71.94020531142444
120.19905187671816,23.00041765785235,76.08304295160642
120.19912498126564,23.00033783335663,82.94352701236993
120.19920418359014,23.00033520198056,94.39416417775176
120.19920291455752,23.000307990889183,95.68046004653633
120.19920364168618,23.00029741253922,109.70723519342883
120.19915538405877,23.000356612403706,119.7327391390439
120.19930584471598,23.00038957068119,134.6429630585178
120.19966613118888,23.00036435128571,100.90498414347253
120.19980476600016,23.000259420468105,89.08196050986979
120.1998502528399,23.000237219863113,82.96078470886023
120.19991023682604,23.000056717155818,79.84318624284687
120.20020236398837,23.00026464070686,72.6380782397311
120.20032954105622,23.000057453450268,59.889664903938545
120.20041976713055,23.000140608854668,79.3558080102212
120.20046159676592,23.000065977602613,76.08879057567506
120.20056858861025,23.000122076337835,69.3935188963513
120.20060196517765,23.000057789593043,69.83278587777048
120.20071925149034,22.99999108465959,89.73949500230898
120.20079882298492,23.000043655118553,88.69986217850085
120.20085531356472,22.999908538161552,91.1511816526137
120.20091115543622,22.99986705766625,106.66762980656243
120.2008863032435,22.999815641843284,105.99495766148256
120.2010641134382,23.000016163014124,70.24151491171088
120.20110982835202,22.99993586405569,80.94733656203091
120.20118721880938,22.999958815492334,80.34095269749906
120.20119357279523,22.999911752371265,74.22822621757666
120.20122584215484,22.999992997287904,98.95701910976574
120.20130542788068,22.99993017422388,81.21106640057643
120.20136955348735,23.000081392645484,76.38387299631756
120.2014457784113,23.000044697141753,86.06483760261833
120.2014154629782,23.00010220458858,95.40448659107179
120.20141906487815,23.00003912649908,77.30238814413299
120.20141567772923,23.000083465976946,95.81787119545943
120.20136214595426,23.000085223522984,87.88100978156679
120.20139816034292,22.99950866305988,51.078026170879625
120.20140436829593,22.9996988064278,63.67607675031495
120.20141939305411,22.99967051135114,55.06910907356335
120.20159064894868,22.999674304084223,7.009476915627621
120.2016271353094,22.999626683964394,-6.830233556829027
120.20139930851218,22.999600485219258,111.76792342593014
120.2012800314654,22.99984232420433,77.7368036548428
120.20112984293326,22.999845633988933,91.54045035798534
120.20123587288408,22.999338830071988,36.019089675830536
120.20128766326438,22.999824636648885,103.32313140606331
120.2011024557001,22.999395543819745,45.46930340933896
120.20109584201273,22.99952275230624,57.63376474244543
120.20093393214863,22.99971051288225,82.19766808027336
120.20098123092399,22.99972313578675,93.15320211839227
120.20097572809802,22.999919348941884,116.34124852826517
120.20092901230272,22.999763169572283,126.04007762045181
120.20085272371016,22.999813986265714,130.70664295953804
120.20103162111968,22.999503705548054,126.13063335662942
120.20072468661583,22.999771003721747,204.24789152538042
120.20133168353233,23.000174554848595,98.6133503046678
120.20143203184772,22.999949771408332,36.16476695873507
120.20141165341622,22.999825050997135,69.61055154361868
120.20152877015441,23.000023219945742,77.12660923767885
120.20149350908285,22.999817061826914,70.74887094714138
120.20147206728122,22.999722588140123,59.448629184714726
120.20145672955879,22.999739348386882,64.40740908118023
120.20149507768299,22.999714378760448,67.1380251748376
120.20155779560307,22.999678970802915,80.37076651033769
120.20149796385175,22.999719729414924,78.79907114174762
120.2015808808227,22.999606660531438,75.47474317272294
120.20168088201592,22.999599413380803,92.14350415591606
120.20187529152503,22.99946473762235,101.38695538179795
120.2020042038643,22.999872291674592,85.70378555975616
120.20175075533953,22.999487046775855,140.0538460567861
120.20203127631156,22.999654816371393,106.65523273679241
120.2020552417182,22.99959123287022,103.6738471166739
120.20217945899307,22.999498940747,98.4592965713544
120.20228544531723,22.99954533255741,104.9326025466488
120.20234347194906,22.999506169572463,97.56802845007505
120.2022381679543,22.99961177911113,133.24672098232458
120.20238251253103,22.99954739431661,123.59774539506145
120.20254197732852,22.99951076820572,105.21884613328251
120.20264349132293,22.999514620132352,104.83356802382603
120.20262339779998,22.999482980502147,108.74018694118267
120.20271684556226,22.999455283615905,99.39371768242123
120.20275083001376,22.999223208275687,64.86031545707573
120.20292566867793,22.99942054935691,72.76774083923748
120.20292581754094,22.999503378274984,97.25332656928072
120.20287851910943,22.999573055734057,123.47399851808751
120.20308070242211,22.99915864376388,56.15591262583375
120.20299212623975,22.999341221000424,99.3528917994417
120.2031105174339,22.999277635049925,101.04958818482021
120.20322880194294,22.999312559913832,108.30004858871644
120.20322059906808,22.999290658189214,115.09633108192774
120.2033784387519,22.999365339460233,126.14708962491754
120.20359960173582,22.999237728794807,100.75683758935762
120.20360589620503,22.999106369367276,93.97247134754573
120.20358579215693,22.999328087736465,132.580824622084
120.20361746152234,22.9992028031853,140.81592055691527
120.2036447047291,22.99921828755596,148.4212339081794
120.20386408712986,22.999003139671082,103.63038008699917
120.2036837957449,22.999091099632185,154.4662827499105
120.20396187635441,22.999228736299276,144.1530010458158
120.20420012869286,22.99946439218459,171.2438314955057
120.20424934459741,22.999349009997243,164.89222086529728
120.20442540314227,22.99920205216519,118.36917755145419
120.2044955445229,22.999092510739327,101.82745029829326
120.20465780892037,22.998943188752264,106.52702781876398
120.2048090092521,22.998788881488554,100.97162070376403
120.20478151885283,22.99884931672835,77.89567565480989
120.20483399525632,22.99879540800404,70.98387784036186
120.20485834320525,22.998769617120477,86.34831104585035
120.20488417634884,22.99873042345965,90.50406502081265
120.20490424433966,22.99863600993603,88.8905754591729
120.20488067924833,22.998563191130906,99.1034692555217
120.20488943328262,22.998499643497674,95.98749858826893
120.20489240708248,22.998449496153142,102.64768264177802
120.20489676693553,22.998439391147286,95.66147478670376
120.20489281311029,22.998404264981588,93.25811320368928
120.20485453258361,22.998321515686495,112.02191792155827
120.20499932587339,22.998494466204054,104.8216926786359
120.20497264154461,22.998546286709164,115.6666385642719
120.20500305844864,22.9983468925028,94.10665099262322
120.20514690696555,22.998384167880335,82.65409113509735
120.2049479183671,22.998232678382998,76.88612682311003
120.20506295097456,22.998604820189254,144.34116392871883
120.20502739992081,22.998594042350724,121.91949917301604
120.205059619293,22.998706913370096,129.04219879292134
120.20496415162702,22.998198413535828,95.43145113136374
120.20488821236137,22.998253951319814,129.84237696684357
120.20501043618245,22.998398198158423,131.90727495717746
120.20511987138174,22.998596531167713,146.5383613040828
120.2050389177912,22.99846874549211,123.08717313110277
120.20498429315347,22.99833134533103,140.13588693689533
120.20499473281444,22.99839029378943,131.85193522421898
120.2048586064228,22.998219508697506,109.44441219643528
120.20487851468572,22.998272928176878,113.5601404945714
120.20494495394391,22.998460233782087,132.76847330502324
120.20484223475981,22.998399202376618,96.69946594213837
120.20498795611827,22.998297214392448,71.81126950202892
120.205001172656,22.998356461750266,58.62724374603704
120.20503168635767,22.99859111084435,90.16958481315734
120.20483802458706,22.998537264027863,58.48768116458329
120.20488641506526,22.99854003914058,61.03796306415063
120.20495751205,22.998418608223357,80.52962153358921
120.20490529032209,22.998192882285394,58.119816429676355
120.20484271941919,22.998275705926023,89.49919136448973
120.20493421773595,22.99820603014138,81.89052873421872
120.20513298011113,22.998284874642547,66.01921623707611
120.20516596790054,22.998446794252487,82.89940244669421
120.20510826639115,22.99843337365068,100.48087600783833
120.20497155753174,22.99857147247699,125.44919126423943
120.20505798787362,22.998433944056117,89.19763773901003
120.2049843531017,22.9986166921291,118.95631248683263
120.20506200651731,22.998779483533127,132.92722031199338
120.20511093193957,22.9988002722921,127.78528861907392
120.20507342403016,22.998487643532258,134.75498024683307
120.2049666004937,22.998188998229196,116.31729990242358
120.20511983825818,22.99831443298383,127.29610782657579
120.20519727932285,22.998400546967968,125.04276262820335
120.20506749969573,22.9983830005551,107.03300337936251
120.20511744960022,22.998342715043098,112.92546757188728
120.20508846862583,22.998413063169973,136.69728845482334
120.20518831580368,22.99877151546272,98.69534643246718
120.20497219880856,22.998351228454126,122.1253932474711
120.20504299127485,22.998396063567785,120.7994956408493
120.20494679422498,22.998153778778878,102.02471358862583
120.20511020428367,22.998306419244706,84.97349278951292
120.20522458057829,22.99845991996951,79.31401418450477
120.20544855130088,22.99863860715057,91.49130106881573
120.20559932434695,22.998488029595833,78.75168294271073
120.20585432848168,22.99840595387694,65.46385180763073
120.2059228529766,22.99840015236703,85.17828325978115
120.20595485176263,22.998281764016728,76.27767567991717
120.20612414565727,22.998191956430915,64.24777846214823
120.2062443312125,22.998351675854,91.14667035646087
120.20630942295041,22.99837088156548,83.72862030693261
120.20646778447828,22.998357766865922,82.02498611741157
120.2064619180943,22.99816455551859,64.83744285048164
120.20653772778147,22.99823145575563,70.03596268834865
120.20673284818102,22.998165265570435,109.91310736645877
120.20676376369367,22.998171490148618,123.49979691038169
120.20676341991532,22.998126136269388,104.29385796045656
120.20676130760928,22.99810507045622,100.75063242072272
120.20684603302769,22.998256137646642,114.27975500584922
120.20697797181428,22.998369440422533,110.06708276758899
120.20718898287467,22.998314596519975,89.88096448277594
120.20719674767086,22.998177491929024,95.05251643753033
120.20733980584644,22.998262194959068,104.34758944453625
120.20738828905111,22.998232104276987,91.91265300177781
120.20758494967319,22.99802513237312,79.53299685066129
120.2076926989974,22.998172104617645,71.7273238470982
120.20775957875338,22.998159217402083,81.99999313265252
120.20778570096235,22.998136689698335,88.5279676033196
120.20772131525864,22.99782246303495,123.84301557136656
120.2078608545784,22.997867362565113,131.37454843047544
120.20811375686041,22.997993393595053,115.09284476090457
120.20825981918236,22.998051487261073,115.69431508168111
120.20848317756975,22.9980208771047,127.4910700326636
120.20851181432458,22.998139413145594,130.57326784050673
120.20854866122242,22.998259286598376,121.89521139615387
120.20867346059941,22.998268173908066,141.11880873579963
120.20875836902866,22.998182139497093,153.83791387423432
120.20871806959781,22.998252857830433,145.41792619551302
120.20878846206959,22.998312674720466,127.51832388297845
120.2088183534699,22.998186212882842,144.85638045125202
120.20883523976086,22.99824697293025,136.40879246906388
120.20884125874655,22.998306480323375,127.36065592041636
120.20893928954105,22.99821366622214,122.99599401391042
120.20895174845302,22.99810130921383,110.1671756100848
120.20895527433635,22.998120994101562,120.19253567736486
120.20889045708174,22.99808041328188,103.73279205234557
120.20896635771234,22.99806206672777,107.60008053478445
120.20896863035279,22.99811477161391,100.30405931700139
120.2088347040816,22.99811919864926,69.77823845596777
120.20886722615474,22.99824291248785,103.58815041978775
120.20900967785957,22.99818626544932,118.82477892519385
120.20906542055965,22.99823818204326,141.02947673519807
120.20901699342852,22.998115792872387,114.80434991637829
120.20909585094861,22.998152993278374,102.15037780639673
120.2090728273807,22.998105906718138,85.6599638509833
120.20911409196175,22.998091431841246,80.63422020404526
120.20928872312372,22.998058315730805,92.01582248464322
120.20927648207778,22.99791443065872,107.48467054854152
120.2094152019615,22.99796538843532,111.13902645663973
120.20944177541527,22.99803884158762,107.66308639447497
120.20956356572682,22.99793686383805,115.06073750471701
120.20964773560358,22.997998502041238,117.16532353579923
120.2098456337563,22.99798277640387,111.00387103998976
120.20990075483083,22.997856662562818,117.35061165830905
120.2099921905912,22.997824647453648,130.54864850600302
120.21003253750894,22.997820576714503,103.72701382335042
120.21014120209837,22.998020245196972,137.3544778141827
120.21014203001845,22.99791056321346,141.31250547694157
120.2101285981254,22.997872598373757,143.92655472230476
120.21041931770603,22.99767432678492,69.1878158279117
120.21034626777825,22.997379089194727,110.84718741788957
120.21040993917491,22.99750640760369,122.19358500142975
120.21036826068301,22.997447721088744,128.092774254379
120.21060021263506,22.997295685053764,105.00856719705546
120.21089754848113,22.997643128658904,72.43539311717417
120.21088719214961,22.997538302585586,83.03357132207702
120.21075526316521,22.997159778599773,94.62740088734283
120.21079078095345,22.997102871800966,94.8319802411471
120.21079098666146,22.997041037527648,114.34407349397412
120.21087225795469,22.99701289700977,106.4992959066489
120.21102705746918,22.99712167969004,105.10333633176732
120.21131815157946,22.99753364673078,116.44550759334444
120.21140474623346,22.997521837692375,111.78190420955615
120.21144023753757,22.997562402605265,111.29224548315081
120.21160731337447,22.997625770195754,113.66217439025371
120.21170703723821,22.997505482405543,115.56854237601877
120.21172592643957,22.99754539320952,121.36248863351278
120.21177112371346,22.99757832945419,131.59222683697328
120.21187910681705,22.997507372768915,146.85792959465866
120.21182803480114,22.997530232772032,152.1603289073656
120.21182671626153,22.997580577815587,158.0159507528386
120.21179507668981,22.997550673429696,151.86890656237117
120.21179175932077,22.99743246098708,143.70378522697413
120.21171146840376,22.997250584913637,119.05282321037686
120.2117396384803,22.997226058623987,112.98766875677953
120.21179320251643,22.997215830015413,113.96725477113384
120.21184028445894,22.99731104707468,123.30782003717601
120.21178201557169,22.997208210094502,113.82881127072139
120.21178303425444,22.997231057451227,117.60742595351309
120.2117312590759,22.997234492474032,128.37246339143732
120.21176086360964,22.997216554906984,125.67574614557513
120.21177374010395,22.997257635816908,121.9899745529274
120.21176277748766,22.997245673833632,119.24651300501542
120.21188235717717,22.99731365220368,146.78331352614077
120.21197161416265,22.99741680681971,151.021422470087
120.21204112927636,22.997573380660597,161.3932810626655
120.21201965372845,22.997488983689976,141.8395150002331
120.21211317848446,22.99751283397768,168.25553603217065
120.21188810514562,22.99719065770102,132.6124647887017
120.21176418159466,22.997088959024417,120.37084848220898
120.2118786454008,22.997127732395374,128.7314472623317
120.21172462674718,22.997083989561663,123.57137810282809
120.21169074590841,22.997066420081826,126.13459101658479
120.21176502814885,22.997107131052406,134.9615948982187
120.21178582847081,22.997079647593687,127.4110418608367
120.21179442613426,22.99708246434722,129.32317417158697
120.21191485641603,22.99703578600825,116.87532484123365
120.21209996514388,22.997136355244336,128.4083603535243
120.21213701796688,22.99712276478359,130.71626354892518
120.21214728719508,22.997173925525527,136.2652183861627
120.21218160601536,22.997363069147873,149.72170060459908
120.21209127635235,22.997210524835552,133.90923540543486
120.21209296567842,22.997158534688687,140.42606078078887
120.21200781982155,22.997102557843114,140.0359746160665
120.21196049825133,22.997045800630303,139.2834703255507
120.21192505581637,22.997164423428284,146.26678390410007
120.21202152636769,22.997211356248958,151.4812266252991
120.21187478103519,22.9972201864422,147.40614164691453
120.21176159885522,22.997211197940796,142.0425885888326
120.21176656057095,22.997225277550555,144.79094533933008
120.21164991053146,22.997344268861575,117.6335118887605
120.21169907789425,22.99730054436716,113.13737873375683
120.21187028674743,22.997082560205094,143.5451323567628
120.21161963225549,22.997244533985537,124.63144955412808
120.21198150175934,22.99704480034278,146.01599948648928
120.21196252938753,22.996953416251714,143.6104304318006
120.21176384256049,22.997028101611775,107.18237733924367
120.21169729509845,22.997015663959385,92.68606914455344
120.21167017638811,22.99703992784415,105.29757012060875
120.21162642697601,22.997057022182847,107.13525174954185
120.21169808104239,22.99694720889982,105.18377608089641
120.21168479559013,22.99702314780162,129.26802924770715
120.21164062619171,22.997143988033528,129.3855465668964
120.21174952618973,22.99709822528549,132.2891857084021
120.21167267431237,22.99709124301026,123.68487350185856
120.21165308316552,22.99716083582695,139.7961654681754
120.21169168006242,22.997167591984816,141.6494561416663
120.2116516120237,22.99721650547525,139.3243831060528
120.21186328940087,22.997224360744507,143.39967344514653
120.21189327330771,22.997263521508838,163.88997475462713
120.21197436245838,22.99736022343506,180.6001622239647
120.21199237835889,22.997289715704365,176.95336957716947
120.21191865179672,22.99729134584238,184.47413311668683
120.2120333578024,22.997367809506436,212.85450888302498
120.21193529168144,22.997185713261093,185.41990340545425
120.21194678956712,22.997212132480485,189.4226917313649
120.21205698476919,22.997275578860616,175.16761700558308
120.21205910174602,22.99734966985104,171.83821684203212
120.21217787441094,22.99711705209345,107.3850976102939
120.21214253694943,22.99723297539053,134.5076142247409
120.21208668407226,22.997374153292075,153.92135670537002
120.21251138505224,22.99721780195211,66.63594022629339
120.21227159862532,22.9972020665937,108.11923715640957
120.21229924089691,22.997341837891906,102.7103351878306
120.21233092972871,22.99752582212252,123.99380491191936
120.21261830334322,22.997531923806353,95.82781575076955
120.2124017664344,22.997609996228014,96.62851219010548
120.21246783690142,22.997733321282478,117.08829728725311
120.21240539775157,22.99780109266596,111.55797723919343
120.21242036188,22.99791202691348,114.70075940538719
120.21249979582134,22.997868017137808,105.52891871653972
120.21257273953529,22.997889861409252,92.00324690984942
120.21263842775066,22.997981625180344,92.01209967144709
120.2126413025312,22.99807214742014,108.72719103883529
120.21269783986081,22.998059871315206,85.4448730216372
120.21273267444683,22.998031001152928,90.48481773314654
120.21269633979935,22.998161815957275,86.64249673009522
120.21254100446437,22.998222076823893,79.94449495121616
120.21254573394528,22.99832022815798,83.52743854455257
120.21256204149489,22.998414299398313,82.71790972825265
120.21258116092558,22.99848229396251,74.6128544933489
120.21260796735739,22.998613914490512,67.24201856699496
120.21271553996839,22.99880915077867,74.67153398208613
120.2126996461953,22.998821560132402,70.89028867487797
120.21272398511688,22.99900699311243,78.98390143178027
120.21274542147336,22.998967414595043,64.70889627744113
120.2127067485027,22.999097848785446,82.52095978926506
120.21272839519618,22.999154851538094,85.22517791739241
120.21267875582949,22.99922478462742,91.38233302647636
120.21267317101177,22.999167149531278,82.83013585077347
120.21272765035293,22.999229229518495,88.2002172733418
120.2126760179138,22.999332103556963,105.73614520545581
120.21273636461954,22.999489918949024,93.35514083539839
120.21260975337077,22.999477228875286,89.7553548416121
120.21258757460657,22.999502918959227,87.28786864913359
120.21261583036761,22.99958445992232,90.68861713371984
120.21253114566245,22.99962694215196,105.68650981859376
120.2125324564704,22.99971776865448,121.36246044455379
120.21289521948461,22.999825290535224,70.75523978327655
120.2128960030568,22.999919112140237,68.47627756459734
120.2128863217736,22.999857773122415,60.27236240052952
120.21299766960053,22.999929358188272,47.749608309823245
120.212829078728,22.999930009476486,66.0996578601299
120.21291140486231,23.00006228799578,69.53834539831111
120.2129020114051,23.000219798656545,92.74192387292605
120.21286113062278,23.00023281766268,99.29537172214266
120.21291757066057,23.0003477097431,92.96616256604942
120.21294148120805,23.0004416366427,96.91445692503328
120.21304703443381,23.000426818449956,77.35284002514018
120.21308768469478,23.000438333979574,70.18219607920278
120.2131359616833,23.000540321867664,64.3973201980557
120.21314219610129,23.000557827575832,58.50689441494523
120.21317035948857,23.00064445933439,60.25271709238235
120.21306596214193,23.000692015873483,76.71376342469412
120.21303302689249,23.000790721461836,88.28877890650662
120.21306247615193,23.00083433908696,88.29490471222155
120.21302311161092,23.000803828030502,90.60442448149008
120.2129896278847,23.000738813538415,87.78574110555277
120.21298444027342,23.00074077048719,74.28640391357062
120.21290017544734,23.00080443981657,99.07971244894853
120.21300191708596,23.001072513748586,75.15647184477461
120.21309868234052,23.0011618117255,71.62331274222389
120.21316350773598,23.00118470998219,50.912969562279656
120.2132261554685,23.001212197124193,62.18526390072454
120.21323678641609,23.001239583021867,66.42795634088101
120.21325564053218,23.001274038158922,67.00693539292737
120.2132811031808,23.001352349582373,77.983071796381
120.2133176131937,23.001446023637126,90.9601167968521
120.21329455495429,23.001431061608223,91.04363143408787
120.21326512290993,23.001536230279196,107.60922741104459
120.21330116432033,23.001384500303082,84.0476932529802
120.21325727324562,23.001419108480643,84.78459321927123
120.21326376425358,23.001378634151777,82.5925433674304
120.21326564912202,23.00135842585998,77.34610638720359
120.21325149051408,23.001468883358857,88.48605443108872
120.21325067942735,23.00143386350477,75.00132984082715
120.21327132598873,23.00139646955057,70.78636675243408
120.21328741567605,23.001341186101058,57.83704452928079
120.21329934256889,23.001395020227243,62.1066435816711
120.21329120171592,23.001452737707773,62.240516632397096
120.21333294330438,23.00145749186023,55.94788307304338
120.21330716299974,23.001543848296823,62.545550331812805
120.21333143927407,23.001656150639278,75.91970745165415
120.21343123528125,23.00157051429414,59.13816915918829
120.21346167728825,23.001539212155386,52.64401240555728
120.21348325939576,23.00158573190709,61.864046533432635
120.21348428100576,23.00163459430187,69.80855605322984
120.21353614521576,23.00160034903106,73.37427963402773
120.2135472911143,23.001622884407098,77.95975157391807
120.21356617725803,23.001653051102615,85.57865362787231
120.21360420622172,23.001635908067804,84.30866759105726
120.21367768113481,23.0016458764753,84.45408321949884
120.2136993603375,23.001714476379384,96.89098815270405
120.21384957069061,23.00190108715192,121.92534575987011
120.21384914265269,23.00183919906094,117.68705670721722
120.21391166831197,23.001824026787613,114.22475866661054
120.21396447980145,23.001801901324686,132.54618004704835
120.21395113548702,23.00187006653696,118.6268393453886
120.21394432934017,23.001932140539544,55.81677174007619
120.21425670396314,23.001749579256394,30.436570303280416
120.21432694020862,23.001939892171908,129.85791395952103
120.21443591509379,23.00145920737638,89.52695563911108
120.21437793179308,23.001590768759918,76.34104354685564
120.21442011028492,23.001562730440842,76.24328814001971
120.2144346245298,23.00157339445471,79.67985514379241
120.21446915760148,23.00159529975827,83.08497611630965
120.214493234358,23.001590067264257,82.06121408591733
120.21459612538709,23.001587747178746,81.86159652240484
120.21467063376343,23.001703082195572,99.64386913327213
120.21464943288605,23.001628419457894,91.6082528379604
120.21469873154949,23.001679365268053,99.47516661033633
120.21469755104846,23.0016999975971,104.18967445351636
120.21475175784211,23.00167352167665,101.4582932441554
120.21472687158071,23.0017563774373,117.41505557959285
120.2147009915365,23.001707345608608,110.19950311973997
120.21471828416126,23.00161137253512,97.67406809063851
120.21470892976167,23.001561891907546,93.86194917984864
120.21476669791099,23.00154472697883,94.21774022237287
120.2146650508757,23.001561077354662,92.8330980142868
120.21479331373408,23.00147386611269,92.03862493879612
120.2147639682308,23.001488191727695,79.86859064232613
120.21471205294907,23.001428168664297,85.39226645805164
120.21478717368102,23.001514062763697,98.4187827779242
120.21478439144995,23.001577593274167,114.01486669654327
120.21473242634525,23.001556085140553,100.25076671593195
120.21474511357704,23.001663373345902,93.72085389748406
120.21470718111276,23.001760140201636,107.46630782182051
120.21473478542177,23.001627471480585,87.37392558798898
120.21479018441894,23.001595984705325,66.78402217478056
120.2148103718548,23.00149685525265,76.58617381085676
120.21475738051595,23.00150552581765,109.68138969651865
120.21470438223085,23.00167622672521,97.71330628200381
120.21475600482565,23.001624936999747,99.93803302074241
120.21480846638202,23.00160547802931,91.08779981786381
120.21480248362697,23.00164875871819,107.7375280889038
120.21481413894202,23.001630276765557,119.21086290189369
120.21480141966482,23.001629895187296,114.28388773971882
120.21482415337904,23.001641075803608,109.04646078331024
120.2147414302151,23.001716571399825,112.30233549674796
120.21479477571977,23.00163270300867,92.79646478566609
120.2146881502395,23.001543250277003,107.30456447514649
120.214686636006,23.001566798013542,102.51027810373006
120.21474456774185,23.001432978683457,83.02877911644522
120.21475613208032,23.00137142837939,95.41394456516471
120.21475853563791,23.00151800023366,86.4233414011893
120.21471221309162,23.001467168823446,86.38362192313542
120.21459207952452,23.001384840113754,83.12132092583897
120.21463682232668,23.001416828080714,90.8488559231077
120.21477056346465,23.00159522265763,108.78836288512493
120.21469610946491,23.00157051650107,107.31216866538585
120.21467639141164,23.001492373731928,104.01078399475853
120.21459707717887,23.00135519556346,101.7739433594038
120.21464863947543,23.001445355761465,98.14508647177847
120.21461785827924,23.00159179514653,107.232849141946
120.21467365941604,23.00164835706805,125.78557020638033
120.21473538321374,23.00163802800809,114.46063966318589
120.21481809448157,23.001554440723815,99.17357767434719
120.21479463480541,23.00156325578022,87.3391413067335
120.21479531303991,23.00160455977076,88.27690072406509
120.21474358172112,23.00168172291979,104.52579981084305
120.2147022380592,23.00168974896273,109.67431300025267
120.21469181818928,23.00164745337196,109.09427443622636
120.21471950119886,23.001695434777037,111.07560318103185
120.21477057590108,23.001543000350626,83.06890845047747
120.21475966547602,23.001559935470656,80.64397842290391
120.21473648161374,23.001570043667098,81.11686597806752
120.21471490561082,23.00169032435707,106.96262088644274
120.21469499523316,23.001709126808763,109.30074238475437
120.2147159998942,23.001649994565607,97.54990419417119
120.21476244756789,23.001571599200087,86.50089842494219
120.21479797803183,23.00148930866471,80.55006746460339
120.21478145230495,23.0014661082628,78.70092315141416
120.2147471914628,23.001448080216715,79.94346013150343
120.21478485002785,23.001474361683265,86.02910389754534
120.21485032670296,23.00143976009201,84.96923549488059
120.21487950881996,23.00143905529157,85.6485367708703
120.21498682421507,23.0014635419502,98.2597547537321
120.21509692787683,23.001509006285204,107.34243057057809
120.21514172112488,23.001707175788965,136.1318160199106
120.21522171213483,23.001631910340233,123.35375406910717
120.21528126273839,23.001607355657445,120.86993553779908
120.21535349509887,23.00163500806136,120.5106797159877
120.21544137094857,23.001533869963712,101.9759794600739
120.21544669808333,23.001382937181003,81.70154479329918
120.2155088823519,23.001410429840504,86.50033523285417
120.21556966624902,23.00141881390481,89.38191200786345
120.21563028454193,23.001396034440674,85.56308632123068
120.215699798366,23.00139166329122,87.53023983397668
120.2157630468624,23.001368881419516,83.23608087728297
120.21595360051514,23.001574971482945,110.54111135109764
120.21600849662433,23.00159528161337,114.8136514011589
120.21609049306656,23.001670741273365,130.33454945133954
120.21612074123144,23.001503450103375,104.51146231260908
120.21613163494015,23.001426512722023,111.48699182323865
120.2161708317443,23.001483603334187,106.61632174029899
120.21634718954493,23.0015780968086,111.83047643298171
120.21636586388412,23.001525455465426,109.17872864826697
120.21641283806802,23.001485468674822,105.08157702528118
120.21645837495589,23.00149854088771,117.09197863386008
120.21656301968414,23.001551301819827,123.09483829278226
120.21662846072115,23.001526866582704,118.42471909753563
120.21671707919786,23.001488859399966,119.32121180494643
120.21675528755779,23.001282650921876,92.54180570802592
120.21691506553799,23.001263011457887,84.210982810952
120.21693473992764,23.001192424474844,78.5538821823087
120.21700538878812,23.001083401712734,69.60245363925843
120.21707825895353,23.001133659710007,68.21074022992576
120.2172398911271,23.001093258529863,58.28043574043417
120.21727784928618,23.000943963760687,64.07723095805916
120.21736476014846,23.00099430326246,70.54530145984351
120.21736838837354,23.00099582416799,81.63740347980064
120.21736407553405,23.00103782372844,90.40607153219229
120.21750157788279,23.001160786078806,86.74151908001933
120.21758840509693,23.00104364705145,80.34328723631494
120.21764273544034,23.001057668708707,105.38208433405995
120.21769776491003,23.001128014002436,140.2836817782268
120.21784727830506,23.001271994664695,129.02951584876192
120.2179893450462,23.001409702255373,113.12008083195484
120.21803502918466,23.001406076512296,112.78957965183493
120.2181730996026,23.001389524095757,116.09871264951735
120.21821868116379,23.00139013540615,115.51175400024518
120.2182920948043,23.001388000286916,119.05709722434099
120.21834409138856,23.001375186858375,126.45975464174906
120.21841226166875,23.00133952498883,133.15166439669122
120.21841789205233,23.001648503184914,170.98807572815926
120.21849213120443,23.001669330192495,174.1579505861986
120.21856086795185,23.001609429536188,190.79101225511215
120.2186017665718,23.001573190879228,175.70767354739777
120.21861666253317,23.001600237650123,174.89453776998565
120.21869623592056,23.001476195435284,166.683018284131
120.21871325566762,23.001513831674007,157.97803362737415
120.21868786098327,23.001432914193607,174.9291668891776
120.2187766627646,23.00135390902511,169.28045832606156
120.21877375066643,23.001337612395513,147.8053208838284
120.21877846299387,23.001464194616833,169.86226248541783
120.21885323834148,23.001414492473796,144.70355764567563
120.21887021597462,23.001507544169417,147.80072394285529
120.21890795552783,23.00159247724571,179.12783605693318
120.21875916629448,23.00138487680026,159.9925403721363
120.21869361428506,23.001285157637753,146.0600477510242
120.2188962725892,23.00159429067534,189.32484875971397
120.21871645717108,23.001159349754055,128.1810842212246
120.21882248853598,23.00135412141296,149.48653258736368
120.21883035979106,23.001387274975738,152.86981234885886
120.21877573115992,23.001465209561957,150.5115265578256
120.21875245300748,23.001337115819595,152.796164113643
120.21885952577242,23.001601892862485,185.806327894014
120.21884724966459,23.001410713741972,198.32131648969764
120.2188260341766,23.001406888759675,189.9297360472995
120.21889430949695,23.001512035847817,195.5773038037773
120.21899620556601,23.001671654046305,182.42898211399506
120.2189257946749,23.00163203342042,188.3866161901629
120.21876159588082,23.001585639240748,202.54437643000296
120.21884809854181,23.001732985996405,182.54525072825814
120.2187189588884,23.001529224194428,173.4980806573613
120.2187507541006,23.001612415649536,169.86356907994806
120.21868877623318,23.001550866932117,166.42199169483854
120.21859401508692,23.00135471659274,148.51221511643715
120.21861348519352,23.0012667530547,153.41215186336495
120.2186771567695,23.00133728210764,150.27749119811097
120.21884281064659,23.001408490700804,180.68012220056818
120.21868864421506,23.001384067426084,153.34220043312965
120.21865874155277,23.001373139897144,131.52334036564744
120.21854253985269,23.001450677141822,132.965224330895
120.21869828151806,23.001647310539823,163.17561725791154
120.21883908017996,23.001792004963384,220.53327386292176
120.21856013147722,23.001370979965174,165.84902296618426
120.21854621929779,23.001330777480334,167.7165782192956
120.21859656550298,23.001338906000374,149.93351664550278
120.21872967359292,23.001422138543276,140.1643668429246
120.21873501282354,23.001332786354222,139.9192129788138
120.2187257901155,23.001310965559142,117.56398229940045
120.21869375680843,23.00122706803103,108.80092152716917
120.21859136404304,23.001181027277916,102.18693295798893
120.218578350027,23.00130671743076,130.7133694263541
120.21852820615071,23.00127646490144,144.32744650354934
120.21852250952243,23.00131432462521,153.38277986334245
120.21852183993663,23.001352129040608,159.66434550010015
120.21850097501296,23.001453698543102,149.90837572826985
120.21857547133402,23.001406084977347,163.24305732852196
120.21846173517173,23.001266967496907,144.44395295156787
120.21851174541214,23.001263620549494,158.3612639445166
120.21858897147143,23.00144606058085,169.7839177887664
120.21873150546419,23.001489961247103,190.93806448501152
120.21872573529821,23.001325922884984,173.46290266093925
120.2189237201099,23.001453840207258,122.6853402944517
120.21886833799644,23.00141604452789,148.7475324416134
120.2188707866179,23.001267236190483,164.36188128621285
120.21890234043686,23.00136120933467,165.50046558812306
120.2189085083572,23.00126995716583,156.9255116789144
120.21888768338788,23.00132634408948,141.6029585916864
120.21876696460882,23.001289964875944,142.84929836359527
120.21877039328457,23.001283591223007,136.90646077123546
120.218844388661,23.001417072916688,151.4427639517331
120.21879566830009,23.00131421658576,144.8839986968058
120.21872996404606,23.00119032780333,143.79739588155553
120.2186944614952,23.001011028756484,116.87300891832881
120.2186863004072,23.001073844265466,123.20287328422133
120.21860060385157,23.000933350587772,128.02033284673624
120.21856035650438,23.00087936296779,137.74397598407265
120.21850310744077,23.00087937948454,144.72556808631705
120.21839740416777,23.000701426109057,151.53507465917477
120.21823868652554,23.00065236926094,179.47409397434734
120.21831031447476,23.000272473077693,135.06771045489364
120.21875070904386,23.00006747129787,62.50765746318569
120.2181060404598,23.00058675417446,216.51000530537888
120.21870293148122,22.999846024918565,58.70466973581845
120.21879390447015,22.999757238346696,54.314278787994176
120.218710673742,22.99976496902526,43.21591094911574
120.21845125733802,22.999498135238746,98.62695464844045
120.21865783403904,22.999539987592776,59.8566526798165
120.21846767831742,22.99944659492196,81.19369119431624
120.21847614770755,22.999360626981094,83.41765400547999
120.21855062991487,22.99941814540424,63.52008575047679
120.21850377073683,22.99927947515294,80.12210042380373
120.2185733186693,22.999281718231313,58.880728790726664
120.218521671577,22.999231739903365,61.765555964971796
120.21845754939358,22.999099803053596,83.67955167503942
120.21845415170876,22.99902799478468,87.44727862848052
120.21849630530724,22.99908928810772,78.3658471044419
120.21849316382806,22.999038149917865,73.7651749079242
120.21855309230826,22.99898244344686,58.90433345164985
120.21859142740905,22.998930277521712,52.947456608415536
120.21861200695571,22.998916361492068,49.5688997950951
120.21851045428016,22.998816601845682,62.39232200660616
120.21856298942569,22.99877436516996,59.299517620049386
120.2185882321056,22.99873570641252,61.13268884926959
120.21857734356495,22.99867186038373,60.93772528627588
120.21852830115155,22.99863946453088,69.80095639865812
120.21854074547146,22.998583038737234,81.69920562095874
120.21853058928936,22.998542828976316,67.63684379535931
120.21856879438178,22.998503136475588,51.06663579233272
120.21863531153696,22.998474480136164,53.35950518001584
120.21864209265895,22.99846966236337,54.014255849394566
120.2185836152793,22.998527777484046,67.28715614222928
120.21857874031758,22.998478768644173,73.63634436668657
120.21850281135085,22.99850492193192,90.86615615760232
120.21850339445378,22.99834510597887,53.49509180812843
120.21826794968614,22.998319237298134,107.92063953327181
120.21836052208575,22.998308840246,95.20624943662412
120.21823481428615,22.998206948261217,72.38731483728094
120.21833072787356,22.998222714449845,83.18486042931369
120.2184265872177,22.998077658641183,61.35607034112248
120.21848567759193,22.99796550646937,55.79634682207042
120.21850168564525,22.997873644135375,60.89150692384575
120.21845065333405,22.998087271263845,96.37075230769175
120.21844944844254,22.997968923013897,93.86973060835768
120.21838332773122,22.99775451622865,75.37186175694018
120.21827963119092,22.997725364887334,73.03151740366873
120.21821792014134,22.99773909008446,84.8100698313894
120.21819680309098,22.997696708886256,75.80367382204058
120.21822505149937,22.99765922821573,76.08157434414454
120.21821389304566,22.997596205297256,82.21867032066928
120.21826190890054,22.997663719116996,92.93740183788445
120.2183071052584,22.99769303642774,94.94020317444608
120.21827924219315,22.997631207058642,96.9441124951481
120.21832929555494,22.997533087564932,91.2665363706408
120.21836731174989,22.99758104755389,101.88640444432978
120.21832183666253,22.99751792108216,107.89758452210297
120.21828381320113,22.997572502993908,112.85993432592011
120.21827377365126,22.997539429002284,113.72152030419939
120.21826787801827,22.997504091592216,109.21596137347807
120.21826804574073,22.997390431858726,94.13366635156324
120.21819835622921,22.997424383445995,108.07686581670137
120.21824071588843,22.997371858213665,106.76158409001357
120.218139919114,22.99734485514924,120.71231360958689
120.21804970763287,22.99741088219917,142.9889956499066
120.21796562014651,22.99735133149663,144.07981223511493
120.21801405917078,22.99743044391746,139.35775719030465
120.218044221858,22.997439634436898,139.4652988103321
120.21807117804691,22.99732403901845,120.45039486646805
120.21819475180948,22.997265938982505,92.05742620010633
120.21814601840885,22.997395645828295,114.9725655086459
120.21814262287441,22.997378470781403,107.49732490297075
120.2181967574187,22.997373791826046,106.24207614183761
120.21818322397152,22.997329565760054,109.76044420465986
120.21847599919226,22.997200814594354,58.94979501348671
120.21824686398423,22.99742385260824,126.20731043400879
120.21815292469343,22.997329803363467,124.74403942853083
120.21844350074983,22.99745657426066,101.21944737726263
120.21845266571529,22.997270169858176,89.0352519446666
120.21843927054107,22.997170962567782,78.83375911435579
120.21843239578334,22.997242975680404,94.01795659871522
120.21850844217617,22.99718448820887,73.99335420047706
120.21853468962942,22.997176297197914,79.62583093582516
120.21841903128173,22.99719390761223,96.38554946793806
120.2184663473689,22.99716983420678,88.08996378225787
120.21864556480344,22.997185665002743,52.20295704966199
120.21857550257846,22.997133546751353,50.854165350029156
120.21864464634636,22.997174587915513,56.058351601530376
120.21864434163878,22.99726304287946,66.97540238542146
120.21861979139011,22.997308763029004,70.9942074012747
120.21862903121706,22.997315320164496,85.33021561021621
120.21861025709447,22.997387104971274,87.82294736525344
120.21857563766615,22.99743410118221,116.92446367660892
120.21873870980443,22.997311987317037,104.78555341326229
120.21855764532047,22.99729814615541,129.0788393538744
120.21855695158511,22.997383775099937,137.42427231082078
120.21861133955979,22.99736420109192,142.13746462837676
120.21848537751528,22.997172255478393,93.87723644212812
120.21835697077553,22.99706445505125,25.09172722271942
120.21854396875206,22.996813578846897,-37.5041400929307
120.21814988300136,22.997611921939917,318.28006315845755
120.21926199981611,22.997930077011514,169.61563996407443
120.21879836734688,22.997787894806812,78.6872757869427
120.2191551178788,22.99734441253548,44.536442532693165
120.21887087719608,22.99758229894831,15.341260708835252
120.218908753928,22.997383744858336,0.6720941975889108
120.21906846259498,22.99774386650951,174.16073511958177
120.21939945946465,22.99792759699997,-57.691436907855795
