120.14742925343371,22.99018572660767,53.564873577562025
120.14736979145076,22.990233917635518,47.11540638297504
120.14735824345476,22.99024740610885,44.41701390016843
120.14733102227892,22.990259036891796,37.77482022367316
120.14736736027285,22.990236190021683,46.239677321727406
120.14739816394473,22.99020484351798,51.52392093887125
120.1473413371605,22.990256571222524,40.965904160370265
120.14748058117837,22.990148555599852,66.82928768290164
120.14747849614054,22.990153100550923,63.54096639812028
120.14741872654899,22.99020315890205,53.2088498472388
120.14742227131143,22.990205639086735,53.44653867250647
120.14746971346422,22.990163739077733,63.43527582076015
120.14744806818607,22.99018257777117,58.11764738789634
120.14742348240934,22.990200984464852,51.00212618218261
120.14746552704929,22.990173968966285,58.75485121508167
120.1474180522021,22.99021078606583,51.16913784851629
120.14742611059583,22.99020164462512,49.626176827009935
120.14741216698275,22.990209870132954,52.22118243907896
120.14747136601824,22.99015811648293,65.74342432191531
120.14746676344322,22.990166819168074,67.05787081744813
120.14747979457786,22.990147658046514,68.04601552883143
120.14743847562028,22.990180591631457,61.22530015536991
120.14735192518019,22.990248850053632,48.45828240186969
120.14736007900777,22.99024708666002,50.244056663378124
120.14736602427661,22.990240797157554,50.878101026811095
120.14739613618542,22.990212168376733,55.0112005951658
120.14739755313524,22.990214713647767,56.28047465483267
120.1473935873295,22.990213989181626,56.10227573423542
120.14742640263385,22.990187264226062,58.50531680120017
120.14742259092034,22.990192593245954,59.21204413907997
120.1474212346918,22.99020397355531,57.677968222763845
120.14742885948324,22.990205206736537,57.53742357085089
120.14746813907679,22.990178324901247,62.17179287537622
120.1474871846092,22.99015577637863,64.40468865588957
120.14748058417453,22.990163700038156,64.70823151263514
120.14746279303895,22.990180914300083,62.00956241761276
120.14746204995129,22.990179768325614,63.04261477882212
120.1474007803764,22.990224662746858,52.765694681991214
120.14747962225545,22.990162030648833,67.67313655436215
120.147479946741,22.99014735646989,66.8341175392821
120.1474924247227,22.990133675979827,68.68543425833343
120.14739440880965,22.990226827352487,56.012459910962505
120.14740550142861,22.990217068555875,54.21247890091991
120.1474957483033,22.99014343657453,68.36640337865677
120.14749360707572,22.990159721534006,68.94060322737872
120.14746431107703,22.99018392264731,55.65373009409994
120.14748241035224,22.99017628050497,60.08082019845956
120.14744065232671,22.99021564180338,50.726829922055195
120.14742790842192,22.99023443856586,48.50621223205956
120.14749771172941,22.99017307690506,62.54411973636954
120.1474958907578,22.99017485840158,59.83352220283666
120.14749218331185,22.990180092328394,60.42199619284598
120.14751252733484,22.99015003557328,63.383088792286976
120.14746577869585,22.990188337345632,58.45785232281183
120.14742387653524,22.990207986374624,53.8818797628005
120.14740147624418,22.990228952011247,51.11644969828659
120.14743910587414,22.990194012127013,59.22062736754191
120.14742691998664,22.990191788510337,58.03687061968938
120.14750903556931,22.99013971398343,72.45047317331657
120.14739123696073,22.990236667340948,55.39224931668145
120.147539671927,22.990106175785996,77.49899871665366
120.14756126927676,22.990102108193653,80.38424863820606
120.14741893630783,22.990223861467598,48.96414984394405
120.14741409437947,22.990219138562445,48.58067319722563
120.1474120998439,22.990224151901394,48.74606544180024
120.14740450869142,22.99023269651601,50.58069469109811
120.14761046157764,22.990062697367215,87.77795882419635
120.14740387683035,22.990229232619296,51.550797697593204
120.14740298613214,22.99022580012054,51.64964582063822
120.14740088956866,22.990230542465465,51.40978995882175
120.14740944736732,22.990214994814274,51.01163582732802
120.14740566175654,22.990213946871076,51.99860183066444
120.14741534690009,22.990206188597178,48.85061179771038
120.14741051117615,22.99020409938255,53.248989693285964
120.14739344981204,22.990212046978915,55.59890881410909
120.14742581354164,22.990211135408643,49.40942659586935
120.14740201835691,22.99022550822564,54.102352279738035
120.14740566370203,22.99022492061984,52.535215371470954
120.14747421146897,22.990158146345472,69.37023422753096
120.14743636452135,22.99018138308103,59.63156406101616
120.147434378214,22.99017993735567,56.71630583807783
120.1474182591893,22.990196929291322,55.230060045557366
120.14736463466251,22.99024262935489,44.52075584386054
120.1474134939074,22.990221516013257,49.19574355705788
120.14745067888299,22.990181209784158,49.03110423920106
120.14746681694436,22.99017137626682,56.39986073630723
120.14749565048974,22.990151206587665,57.78545302405326
120.14748228342263,22.99014973827625,58.90128612248403
120.14750485457704,22.990137056147812,57.56193319254635
120.1474764993329,22.990156225971315,63.40559770469066
120.14746433287705,22.990159671321887,61.60982851801338
120.14741911996803,22.990199760114468,51.89656146367345
120.14746727603372,22.990164272580895,56.8032617260143
120.14753035111131,22.990097307964426,66.98326315208163
120.14744946352337,22.990172962258733,51.71512003565903
120.1474494219411,22.990176007608706,54.250852945575375
120.1474925492474,22.990161412259553,64.5330201794459
120.14741440930216,22.99021115398144,49.0917114581661
120.14742075241607,22.990222684760184,47.675609889431115
120.14742195641672,22.990211034490844,47.86988737320005
120.14743414106064,22.99019670679427,53.216393055042985
120.14741345190612,22.990209532483412,46.01322854508374
120.14743182543587,22.990185963701553,59.33307834852502
120.14742509432675,22.990175107072975,62.83626854988209
120.14742508357118,22.990178632120422,65.08209188602397
120.14738991633855,22.99021868228287,56.13152843610986
120.14735758595697,22.990244783079028,57.14636710560482
120.14736229477835,22.990256954500232,50.13905329131236
120.14736998909247,22.99022941711379,57.1534972471561
120.14741195271431,22.990290025024404,54.61315525446788
120.14740500057509,22.990336375411253,61.96464036509888
120.1474601032299,22.990219578296514,45.139415421108666
120.14751007407094,22.990310409063884,47.954114319924244
120.14752901547702,22.990335689083437,67.68769195243337
120.1475297831768,22.990358456719843,60.58405204853512
120.14750955938645,22.99038168191177,65.82463113873048
120.14751570165126,22.990328748444668,62.20863871028517
120.14753965754275,22.990354340518923,71.24137040136716
120.14747831358382,22.990386387841525,57.28908152395143
120.14757382276376,22.990291947110045,68.47747865143776
120.1475194822326,22.990353242533796,76.07217016367736
120.14756179449857,22.990355329431384,62.597705663365886
120.1475884751263,22.990434469969994,72.5505054504273
120.1475950413789,22.99033124337202,70.4775300755154
120.14757424508656,22.990282640648573,57.39680695106187
120.14761077815469,22.990272020863323,63.02250739366549
120.14759990120656,22.990224369530004,66.30142425845028
120.14756125767542,22.990278592161527,60.885691524148996
120.14763068728746,22.990219483989748,76.72290200007889
120.14768888857381,22.990219092101867,65.81929726065914
120.14767055872021,22.990216365584953,58.31556206650293
120.14774614318964,22.99028267137592,68.71531319257315
120.1477084665058,22.990257793118715,61.74187007993936
120.14767062363302,22.990255669652015,62.422374811799074
120.14773405154475,22.99024258406485,67.49343173140848
120.147704204534,22.990226587234325,59.37743571797481
120.14771753800211,22.990242550158325,63.58181313266768
120.14769277163624,22.990148069305114,60.73596023507061
120.14766920221058,22.99017773363158,65.1125688538178
120.14771282120641,22.990117260530273,37.35142116032752
120.14762388428441,22.99014670410108,51.11850963185341
120.14762147126399,22.990095870798736,43.26206468711941
120.1476555152056,22.99011119345571,49.22122850535537
120.14764926205294,22.990117627580563,49.16061620357238
120.14765197998297,22.99012429496131,59.54729241139579
120.14764178888771,22.990142466242222,57.88465481969095
120.14761699811204,22.99025343311739,43.40130218671758
120.14762613280593,22.990328250339136,52.43037819640272
120.14759577046651,22.99027029416944,60.97676442389129
120.14756739491344,22.990294651417457,69.88543350740933
120.14758177007634,22.990334019775574,72.05781682098406
120.14768386324242,22.99029317079569,70.03410530112498
120.14766288770306,22.99023834394643,67.14341043946375
120.1476754000346,22.99027359203396,62.13885616336903
120.14765611282975,22.990204115145946,56.35807958309349
120.14761260404201,22.99015094000187,44.0851083701846
120.14768483957083,22.990194168960883,50.01764068299149
120.14773421935841,22.990221236806605,86.1364416089121
120.14775825340028,22.99018982141325,64.75475840947409
120.14767200874017,22.990105374302413,50.280097898261914
120.14766575435333,22.99020340274923,62.89730824240374
120.14767694912321,22.99019819422229,65.72611200828837
120.1477193141027,22.990242575828866,64.37681572896493
120.14766688852855,22.990203024171574,69.30641448452833
120.14758535109966,22.99031073748333,87.11186959857652
120.14762706172989,22.990103504613646,60.282886013557366
120.14765102120805,22.990141836281506,61.091069841265835
120.14764446771665,22.99016056158113,61.06762582094337
120.147642051529,22.990215821574285,61.461621713734644
120.14764203699285,22.9901916129798,60.553401994887004
120.14760565317543,22.99016966444352,55.91862224069903
120.14764121922471,22.990316311869826,62.40780938800124
120.1476474147134,22.990368967155874,72.22208511913492
120.14761750166528,22.99020732930807,65.58316274122387
120.14767018802875,22.99015140033339,54.3842921823006
120.14768304967194,22.99023433656715,53.92902866322076
120.14766146979612,22.99028805048788,65.26476532025808
120.14765110238343,22.990129765512886,46.477047198096386
120.1476531816871,22.990171198398695,49.69993276178422
120.14767912375045,22.99025271943589,60.50563535218635
120.14768734209373,22.99027476610501,61.32091504580043
120.14769922280406,22.99036674877073,67.12873993751266
120.1476769535272,22.990363143900215,60.08124998631406
120.14767429335205,22.99034275555852,54.47415541131844
120.1476533230239,22.990332804970315,50.505605361213235
120.14765247348397,22.99038312010402,50.81021438632196
120.14763777035854,22.990423155789184,55.7005383907119
120.14768659092469,22.990505848876605,50.74676329807816
120.14769448662294,22.99051840107708,56.24852341514636
120.14775864051853,22.990549740982726,55.85507709026806
120.14781002072932,22.990645320633423,66.40550716429975
120.14786585127686,22.990640606757353,55.927209047126595
120.14785823462762,22.99064369141938,53.176017441967396
120.14790499399088,22.99068891762165,61.44124859381009
120.14795140121711,22.990726615660922,62.52659752810767
120.147994793433,22.990772414291193,56.26681969533901
120.14800367477744,22.990790667558745,56.46116127259806
120.14800890384599,22.99082979487358,51.60666987021663
120.14800060860549,22.9908296685001,41.57289095406102
120.14804836712358,22.990948207355732,58.167349012905525
120.14804730040954,22.990958013645646,59.03526186141885
120.14799812752383,22.99091661047425,61.2503056378064
120.14796891873624,22.991018022988012,61.85311877602406
120.1478732508888,22.990947571210924,68.94868899298602
120.1479056682451,22.991074730371263,52.447250412452775
120.14787250348863,22.99109470025845,46.880163946361236
120.14782150340355,22.99111301130223,45.00673380022627
120.14775037555675,22.991176960316075,47.681330155263765
120.14768903053847,22.9912056593836,46.86555705113319
120.14761501649843,22.99127827791162,53.504314621805804
120.14755308333255,22.99134884120853,55.3798642350387
120.14751357825163,22.991373343482692,49.54578132735923
120.14745340813278,22.991425616346035,47.90199447652635
120.14739212081733,22.99147909569946,50.07089738441149
120.14734094213757,22.991551129376937,50.264357786306995
120.14728851267073,22.991594866552855,48.86486152523284
120.14723139191419,22.991648583119094,48.900201034736064
120.14716718678898,22.991738813775218,55.61205966904373
120.14710662493688,22.99181103287221,57.07686391576286
120.14704884151395,22.991935103024634,65.33909677869805
120.14692891056004,22.991922456897846,62.700410735598204
120.14689223927392,22.99192569254152,56.86895527942969
120.14685872841247,22.991948355401316,52.89198569345806
120.14679846833275,22.991990063720333,52.34281862833801
120.14674719181922,22.992019446185836,51.627907988335735
120.14668506410973,22.992074623851565,51.08563735760521
120.14662151789018,22.99215980314353,53.967030223138636
120.14664836077208,22.992149653690596,33.78528336766875
120.14654664829948,22.992242552803773,44.57795361576434
120.14651854567211,22.992277262258437,37.916655890065094
120.14647204693863,22.992298983119,34.61253432916027
120.14637942297325,22.9924175736468,44.411949136213764
120.14633602602383,22.992402426954257,39.07351866937195
120.14626914476958,22.992470518749833,39.677412720417955
120.14618944456315,22.992544022057615,41.65621628689374
120.14611622834578,22.99259978928344,40.676486478741715
120.1460497107651,22.992661446743856,40.34461220745862
120.14598770784652,22.99271511826302,39.8568544060731
120.14591100673033,22.992784292118436,42.56451613409176
120.14584994452663,22.99285683860349,43.94125227859544
120.14579756618973,22.992962278445557,47.57911636493893
120.1457231006184,22.99295496126488,38.51457503526832
120.14564382983767,22.993003440171748,38.91711196918935
120.14558020277167,22.99308498641602,37.889217170778835
120.14552251911462,22.993186480088465,36.77895085344844
120.1454458617828,22.99321726316351,38.73229066485894
120.14536990220428,22.99324872414574,39.6561367291115
120.1453080640619,22.99334495865497,37.99472955240266
120.14524610558885,22.993368420468048,36.842379226302306
120.14516774828921,22.99343593006365,38.25474194412825
120.14508106325,22.993499664778724,40.34156709366597
120.14501655017793,22.993577476670715,40.97679156693026
120.1449519681738,22.99363537447779,38.15028449762369
120.14483922637969,22.993699915703235,42.18676292747955
120.14480248806427,22.993753052300278,36.50508431556798
120.14472774490146,22.993817643264997,38.3127618686027
120.1446591039177,22.993867298683806,38.26532091157135
120.14456360218598,22.993950522600635,43.21554721223513
120.14449236112569,22.994014773321997,42.91547396924446
120.14445576149028,22.99404975230044,34.461469610503976
120.14443168447546,22.994114202444642,25.283892623777362
120.144302894555,22.994187360135168,37.10838173628959
120.14420730736465,22.994259836503517,40.78620819848348
120.14414267662062,22.994308879053918,38.21886069787775
120.1440726426163,22.994374601145353,36.69526185775983
120.14396941882266,22.994482223531993,45.00577584050587
120.14388467570848,22.99456559524564,46.908787986423114
120.14382330545811,22.9946091702753,42.38322875789921
120.14375625179879,22.994660718181812,40.80032070337489
120.14369087072335,22.9947186910374,41.78493547071016
120.14364828592315,22.994757908477524,42.575290153516555
120.14360587296345,22.99483474294311,45.24950288572562
120.14360081051404,22.994888613993908,46.81706574514576
120.14360196508164,22.994910535223998,46.97845976164365
120.14364926822702,22.994955085683927,46.37479290945693
120.1436987918927,22.994985275691473,50.042185298925695
120.14379910399174,22.995052196522064,56.81728209482232
120.14382886283742,22.995091024544315,54.6955943715301
120.14387177658323,22.99513877532719,54.807302753061705
120.14393790442696,22.995207762572814,54.43756965754799
120.14403678525224,22.9952801042773,57.30052140750562
120.14408600809323,22.995333877782777,56.801951441277666
120.14418192219554,22.99541114690139,59.103681609949255
120.14420922260904,22.995454253084787,57.201726497257305
120.14425956088566,22.995527442793463,49.566542955583046
120.14431171218922,22.99558825521392,49.57863477328675
120.14438307680447,22.99566843626555,50.93723374391424
120.14448206392476,22.995757847733955,55.76624006067281
120.14453700353411,22.99581770636271,58.39259813661879
120.144561486072,22.995900913625885,50.76255333161841
120.14464974719667,22.99593965521926,54.36971869114086
120.14469401104017,22.995992327162345,52.36046843142909
120.1447923842061,22.996040199537596,56.50327088565634
120.14487368139045,22.996119761088412,54.66412748105042
120.1449438248721,22.99618701742729,53.39721358023729
120.14502629446505,22.996256924596704,53.90041550453629
120.14512487569851,22.99632419458448,54.69369203142634
120.14520435940388,22.996375415296097,54.0558115128359
120.14530528706803,22.996418333879742,55.26902857789883
120.14537263144068,22.996427596424372,52.02721655514739
120.14544955932072,22.996454512519392,48.2439045131291
120.14551122456427,22.9965068728463,49.19843952485407
120.14559213998011,22.99657126386468,54.070844809136894
120.1456638071922,22.996595209016395,53.92039136766067
120.14575340825755,22.996633751408787,53.68963908777416
120.14585072457773,22.996655424837357,54.931242817963486
120.14593640899392,22.996703533126194,53.57888195664876
120.14602861349003,22.99672185041606,55.89021946629318
120.14609244278692,22.996703165811823,49.97934097021121
120.1461944110831,22.996772861296495,54.22611317562478
120.1462803203497,22.996831990861025,52.427029243226016
120.14631459541931,22.996901631703032,46.95802105880495
120.14645203149561,22.99694550723393,52.77611530719893
120.14652460125455,22.99698421949048,51.675518876488084
120.14659302661295,22.996995783043776,54.2032248525167
120.14665354013961,22.996968743831477,57.00553071522779
120.14671249297007,22.996983772279755,58.61391069963296
120.14671986387118,22.99703003027827,50.24400258833683
120.14677983376609,22.997040475025962,51.8305770107496
120.14682556150754,22.99710459893518,52.288593756898656
120.14688641887408,22.997118633754983,52.14218926889306
120.14696989311469,22.997103269815515,52.641742129110405
120.14705398616455,22.997149346899537,56.257484478022164
120.1471160432999,22.99717794653395,56.49336986880184
120.14719270458822,22.997213743315992,58.25512044292026
120.14726927216496,22.997252866642235,55.18854576960997
120.14734817428923,22.997295176937786,54.526606570452095
120.1474414183827,22.99732516514946,54.32416242443342
120.14768411575332,22.997248139496318,78.57966307079903
120.14781009507382,22.997257380295054,84.64842450480909
120.14776284953089,22.997419252460364,62.28682831918055
120.14782412271268,22.99747532251511,56.51447039012383
120.14790636498365,22.997531869272542,54.143901939709785
120.14798079760449,22.99757111111756,51.84992051897859
120.14808812710669,22.997607033558392,55.99013430142009
120.14816112871011,22.99765414175536,53.23808406996295
120.14827440191438,22.997678366422193,56.630027754706894
120.14836724821912,22.997730452457727,55.454755574995204
120.14846618872006,22.99776584114096,54.7017937866931
120.14854618852553,22.997785745849786,59.34639195033346
120.14856632157148,22.997775378448683,63.80759268763736
120.14867709567626,22.997844343810566,66.05063559489821
120.1488013660182,22.99791554575499,65.4096115748337
120.14891056461505,22.99790470221791,54.792001042063504
120.14903924951157,22.997925169194072,52.359927554428666
120.14914394568618,22.998011117641145,55.546008431900695
120.14921795733457,22.998039208164965,51.968174975355446
120.14933239056833,22.998100096897012,56.403818631762704
120.14942851631032,22.99813238516073,56.36456533344065
120.14953703320087,22.9981833980879,57.135009970373865
120.14963136998009,22.99826040435637,55.875457488147646
120.14972558382215,22.998264745958554,54.44971292303778
120.14991201586726,22.99826805302343,68.71782281154024
120.15005820393138,22.998283626005556,80.42134876315605
120.15004903353609,22.998359923640596,63.61254269617545
120.15018257826107,22.998361338763168,67.20605300808337
120.15023135883281,22.998502818689555,62.28925459652697
120.1504944430498,22.99841971041825,91.66862536981702
120.1506026762934,22.998437631173655,89.52728975035957
120.15051214569068,22.998654777591653,58.34251563959234
120.15061840624982,22.998691613045786,59.198072445697754
120.15071907194687,22.998714373042432,57.43892643441175
120.15081978610924,22.99874960701919,57.592365096228534
120.1509205688609,22.998774192788282,59.20958705541543
120.1510097645219,22.998820199935693,57.88001993087319
120.15108251274579,22.998857464960405,52.95908920063532
120.15118215746382,22.998890191214713,53.77146535522293
120.15122799620896,22.99894469500562,60.04544553021547
120.15131423192392,22.999139654496897,78.2735023116702
120.15136888327369,22.99928637913763,95.63359365838492
120.15145641818758,22.99938357350566,105.44150367912003
120.15168867972811,22.999299318239654,77.70727592693792
120.15174429966076,22.999444265593322,93.14420473683721
120.15179458091404,22.999298696394288,73.30458158301035
120.151884301104,22.999232595884497,61.24330107539927
120.15194382598779,22.999245251197255,59.691506801924916
120.15201794682015,22.999286633551005,60.025139851308055
120.15208146536675,22.99928735707097,54.91243237449869
120.15213481000153,22.999290495340155,52.26262853927251
120.15218054203292,22.9993012591662,49.492650270436755
120.15223407429698,22.99931934593606,50.49757638356996
120.15228316642393,22.99936902043473,51.606725654324
120.15231234556545,22.99938547304261,53.292315793926804
120.15232009605731,22.999346183987054,51.436997145951196
120.15231539462015,22.99936281512454,52.4521724241083
120.15232754373905,22.99936173435919,56.76294656784606
120.15241634141513,22.999399105055126,60.547672707109335
120.1524428863341,22.999414848124395,61.75435044481179
120.15243648915558,22.999404478383553,55.6892219322829
120.1524037179959,22.999385180413796,50.66410024388126
120.15248078945291,22.999423746038904,46.83999269003509
120.15253564933343,22.999468330691187,49.77503573356824
120.15261903997558,22.99951564998254,52.837249923116396
120.152662216875,22.999494296907677,45.73942282812661
120.1527668472983,22.999591389005726,53.27244225891909
120.15279578791845,22.999654513370796,49.68765855984851
120.1528593650406,22.99965430729295,51.99280794196347
120.15298792991206,22.99971314945666,60.397516795067325
120.15301263721071,22.999720982314305,59.292746622840525
120.15309680978244,22.999763703864613,57.0375993091096
120.15321232659075,22.999727894467878,69.86857541683975
120.15323651167832,22.999793165080693,67.83677046344523
120.15330759139528,22.999845158426382,64.34189059250102
120.15335082231915,22.999915222450287,61.40780997506727
120.153451440706,22.999933603458977,64.64691113757607
120.15354074681487,23.000025537394134,71.46384292630528
120.15360120662055,23.00005653642482,70.85311997474773
120.15366776547206,23.000054899872524,68.85707321141977
120.15374873181679,23.000045441497303,67.09931005595364
120.15384902625438,23.000093979191686,71.53482634281683
120.15392173685663,23.0001072383421,69.569069862612
120.15404097592315,23.000066391550696,59.27261906313768
120.1540937588239,23.00023331839852,73.89732537383404
120.15418619774447,23.000313067876277,68.34015783973877
120.15428166684798,23.00031846040724,63.38067771565144
120.15433394744912,23.000282337675337,55.26463625171958
120.15434917273392,23.000288565624942,61.61273243248979
120.15444358599362,23.000386434056058,70.3865940688831
120.1545421763772,23.000398525747773,61.47583232565094
120.15461802994733,23.000422776823104,54.37321658962254
120.1547355651976,23.000455268253948,55.347509171702164
120.15484533623882,23.000528824779312,57.5190895360872
120.15487372045249,23.000505600263853,48.37332559428684
120.15499026519406,23.00054612593703,47.72088946358698
120.15509792800451,23.000600051726707,49.14248413606858
120.15520023834885,23.0006473940072,49.135970178610656
120.15528856867266,23.00066779447482,46.529489777679736
120.15538060111696,23.000720336077165,48.366915117735054
120.1555052553913,23.0007619797781,50.381102133584875
120.15560500982981,23.000842227222652,55.15977431042101
120.15567429381404,23.00090883243497,56.844867335140066
120.15575688731194,23.000967843359163,58.05415130271914
120.15584403420344,23.000995328265557,56.46528274326809
120.15596126877001,23.0010452809507,58.48619711475466
120.15595560517596,23.00102960671516,51.61493664596081
120.15609803640142,23.0011023034185,53.84603885843478
120.15616608184261,23.001149026177686,48.693347482718394
120.15625808183617,23.001185378753632,48.57228348383182
120.15632547094214,23.001230801872115,42.21912146511078
120.15643446957432,23.001255263092776,53.97484016129099
120.15648364905604,23.001283391716935,42.46580907366195
120.15659084453945,23.00132320719551,45.923121129199366
120.15668364366569,23.001369133612037,44.47862862797078
120.15677491768217,23.001410765832727,45.055303684902
120.15684653190783,23.001480320770348,40.835743215267655
120.15696656348554,23.001502298283135,46.0566126293488
120.15707332490702,23.00153412542715,47.800654309571165
120.15714161279872,23.001593289969,44.67242258060867
120.15722818991004,23.001631742535185,45.560596709677846
120.15730575319144,23.001677588365464,46.484196320808415
120.15738679209402,23.001700200544043,47.63080911299186
120.15746435987381,23.001747716132005,48.245466773328104
120.15753667830711,23.001778870848522,48.02504667766778
120.15762190152938,23.001822927825607,47.300251915925976
120.15769678496609,23.001832255950386,43.66001119599088
120.15778134211484,23.001864763239958,44.45249699655149
120.1578696459592,23.001904992085837,46.441017464356676
120.15794264408643,23.001916889593797,45.35090845862271
120.15802692274598,23.001948417140955,46.41806209416528
120.15807968384921,23.00197933195514,43.95418832660308
120.15818767728196,23.002003310662733,51.24535022688534
120.1582692579195,23.00201208474481,53.992949376961064
120.15835527949918,23.002055972735842,55.09523982394422
120.15843688953198,23.00209822495651,56.96940026660067
120.15849637869164,23.002133448143667,53.38573101864026
120.15855515014698,23.002170628965224,53.75293098196332
120.15861191063304,23.002182442802713,57.458259289023616
120.15869742973834,23.00221421827263,50.7417238691014
120.15876495483081,23.00226455748776,52.33185079435999
120.15884438330811,23.00229546441664,54.930488524164716
120.15892360795092,23.00231485731946,54.290852658881064
120.15905701596412,23.002303115652918,66.14920504475371
120.1590982919357,23.00236092164986,59.05814472327891
120.15914737998989,23.002420934079026,56.17527556392249
120.15920762171555,23.00243136745536,62.0432026445685
120.15928366619343,23.002520151491275,74.57235313789816
120.15942551862781,23.002464688923695,65.2464935247161
120.15948956653645,23.002471053644225,62.95335311342227
120.15959442367837,23.002487688038045,63.439750068261056
120.15965720245106,23.00250732162483,68.12280808325852
120.15974257637012,23.002572223975434,75.92777110172341
120.15977430083505,23.002508688988943,74.85422325662617
120.15991497163832,23.00266316877254,87.01102624485165
120.15996376204086,23.002683408862378,85.08968685369418
120.16008709034038,23.002763023048114,82.3420241769986
120.1601366479923,23.002694004983073,74.13090816068052
120.16017683180837,23.002782928259485,88.85120275774078
120.16022496122869,23.002729664418887,87.37781314541219
120.16032581049886,23.002768086706396,92.3056625206873
120.16038750810321,23.002822769011367,99.45737627608199
120.16048502425319,23.00271071494887,82.57056362025487
120.16064357345363,23.00277608893812,83.17160762483951
120.16077070141499,23.002757808974522,67.65257062434118
120.16096483401768,23.00280935925669,63.299610381434185
120.16108008781104,23.00290067726601,73.63243865152268
120.16113037039375,23.00298464386189,84.8367883496893
120.16116455909847,23.002973823851026,83.16986622673375
120.16124082649559,23.0029488468081,77.38304812606299
120.16135651611758,23.002992821466993,82.62277657960873
120.16141525723249,23.002887749994606,64.48428866848535
120.16147871797587,23.002805381848034,60.60225470632625
120.16155109713421,23.002824959718495,62.54735668874541
120.16159167962942,23.002941147107887,78.46401916003354
120.16165915236371,23.00296622485399,83.73538528440417
120.16174929505146,23.003006068003156,82.60528816913616
120.16183467775552,23.0030284241412,80.29139610113693
120.16189115845613,23.00312394804392,99.41328610023207
120.16199689042354,23.003108597969792,98.8560738974865
120.16211885660215,23.00305307071875,93.66734481046018
120.16217100447722,23.003142795932323,95.61960182224595
120.16229805335233,23.003152231358868,94.7022171962931
120.16236342271571,23.003034777896364,83.25164988107544
120.16240674931831,23.00298030865878,79.16035698106482
120.16241167348093,23.002902634998474,72.3140500528309
120.16252120112426,23.002915215846407,77.82770668957235
120.16255662916195,23.00290554278499,75.23046716767628
120.16260580605213,23.002976862442356,81.58595937719154
120.16268673339428,23.002986314412745,82.98044326752427
120.16275089230663,23.002943176003647,81.34003626265148
120.16283201615673,23.00285925622684,65.11802701657626
120.16292464082917,23.002803071213535,67.06860406358226
120.16300245904176,23.002803280932376,67.53517476413951
120.16313425502912,23.00266781516007,50.5989542746992
120.16319715206645,23.002664009796554,51.51628571783079
120.1632669974786,23.002698050508492,58.681252903764204
120.16341611679097,23.00273661243904,66.1802882978285
120.16341634880409,23.002719835053774,71.78417201418182
120.16350197355484,23.00254519661676,49.975277056902584
120.16359087392347,23.002639434293584,62.746121678137264
120.16364052873735,23.002653528252157,66.19357314155354
120.16372084320662,23.002630069915643,63.24773420148711
120.16386554169553,23.002712040465813,73.55174287969777
120.16384253537984,23.002650393097795,67.40257857784366
120.1638814662964,23.00258964050839,62.28093097301389
120.16389105035995,23.00255072301603,57.18214956815711
120.1638087730305,23.00247157120338,43.81938048075545
120.16391253036703,23.002546364292566,59.3074621861088
120.16396473932312,23.00254860290337,62.70669029862352
120.16409058397453,23.002674833112604,81.37326976841779
120.16405606044327,23.002483923191004,63.39357157286102
120.16402390248055,23.002509235883537,64.32230115513936
120.1641280884405,23.00252366735936,69.52147122261283
120.16403303203887,23.002484326563234,61.473616240689694
120.16406485040403,23.00247172541335,61.12102444470045
120.16418521468616,23.00252389029892,74.35485157673419
120.1642135206812,23.0025661389376,77.83079203878451
120.1642168489457,23.00251053597491,71.55784305009584
120.16422487102977,23.002513593741703,68.97062069875739
120.16423165382339,23.00258331208896,75.93941513357393
120.16421789599585,23.002576825089037,68.39180411634536
120.16425423546829,23.002597973340027,77.16486797426808
120.16423769598886,23.002561408592737,71.48516330987178
120.16424934819393,23.002646979697417,82.59708483889938
120.16428249598447,23.00256779424352,73.31779245608882
120.16424446472311,23.00258555637663,69.03913358095174
120.16423835428505,23.002630975510744,68.19020542037472
120.16429209957872,23.002626387159022,60.0578691246948
120.16434450800719,23.002623042352347,51.27794479005267
120.16439869310962,23.002649112233538,52.16116632653703
120.16449635050742,23.0026450278472,55.58704519732711
120.1645858613709,23.00266048842294,57.57401703974048
120.16466445678365,23.00264265208312,54.17568797352918
120.16474088966605,23.002647290263628,55.24727260950663
120.16481481545377,23.00267001947683,58.970483898255345
120.16489816702683,23.002660977838367,55.35356450611088
120.16500081826679,23.002781769803867,71.20974688650058
120.16513124623799,23.002664886875472,56.4415049990395
120.16517337146206,23.002787657410252,83.35730362909926
120.16528477971738,23.002765732142286,84.98933660217355
120.16532268945468,23.002731066970174,83.37537480791231
120.1654553152334,23.002539190450175,61.220408595309706
120.16556489833938,23.002465813832437,55.999076225859355
120.16560389098449,23.002409248348297,50.88146920272353
120.16568375928324,23.002358224322286,44.01005940754531
120.16574185284438,23.0024733922978,61.49619009829321
120.16590305049763,23.00235726552033,56.18716779871815
120.16596642615039,23.002336987349345,61.99061297579849
120.16611697683079,23.00232364124838,65.48242042608103
120.16623228766348,23.002425233664763,85.16005514573652
120.1664635893658,23.002400788060296,78.6541352345618
120.16633615001412,23.002123083378237,44.022543201015246
120.16647999673314,23.00220394466469,47.242871936038085
120.16653523573474,23.002118794359703,46.808617424815786
120.1667313359113,23.002170097975625,57.98370282232512
120.1667282777929,23.002240429669552,77.69157856236241
120.16685029317783,23.002271881264324,85.29106910120642
120.1669852352046,23.002343613120846,85.31483100413804
120.16702978691028,23.002375474980493,100.70379720224172
120.16713031768698,23.002466584169973,113.42668083005972
120.16716135883567,23.002521670519233,129.4518725506326
120.16730708325561,23.00206413027349,73.40709178087357
120.1674285558371,23.002632211434484,154.79693880558736
120.16746395933446,23.002003888637386,74.08504634280752
120.16749947800395,23.00193217023207,67.5528332683276
120.16753439411595,23.001921892286095,69.60441601926647
120.16773681312678,23.002062644015467,88.50821710093192
120.16776323225922,23.001921055504937,74.16046166968643
120.16786207259852,23.002143086590884,104.0442880978311
120.16800810004754,23.00208111964422,99.0118992385495
120.16794835675474,23.001795798374296,66.73438271296517
120.16808201687256,23.00177064195079,64.91657099957557
120.16814323162632,23.00174499747685,64.86974895803591
120.16819744440707,23.001767637024347,72.97605168590903
120.16826990837446,23.00173848898449,83.26721929271623
120.1684768871173,23.001870022140196,95.45792666879362
120.16858667011422,23.001837881104123,87.2930770876882
120.1686318109694,23.001699531160117,77.68481897576385
120.16880768129359,23.00174519625304,93.28132979962784
120.16873636429371,23.001491896833958,65.83904843036068
120.16904363666086,23.001545636536623,80.98480296703511
120.16903755734641,23.001374476947426,65.14069935107797
120.16916167604143,23.001472051527447,70.36003840176114
120.16929267258095,23.00145051456099,76.02250097253388
120.16932999667682,23.001457844945907,81.3072998750974
120.16947752871073,23.001456876707962,86.1394162912614
120.1694936128242,23.00115141882654,48.96715337105477
120.16966863328186,23.0013766312316,82.79340853520353
120.16976794674152,23.001347474170004,82.9076846823266
120.16986493912073,23.00130629606213,83.35008464041385
120.16995250282174,23.00124686298703,80.85345738982572
120.1699876114974,23.001107815379363,66.4782991649266
120.17029106702753,23.00114200144298,78.93655041464176
120.17042792506325,23.00112283189608,81.7946893678756
120.17035638186664,23.0009476896198,65.79033827317714
120.17043082535311,23.000878600378037,62.26201111672684
120.17061799566419,23.001002605732033,78.63401912280047
120.17063116799814,23.000931643989034,80.10246489658334
120.17074909048158,23.00089647256482,77.29399413104244
120.17092900317736,23.000900767420433,80.86479497991614
120.17095347260413,23.00074743558255,67.53421885324293
120.17100160644128,23.00065747580136,62.107957279593734
120.17100803554646,23.00049467638575,83.96395161425968
120.17114531214028,23.000567801669735,77.06767307767518
120.1712543410618,23.000563103269002,76.65075365934362
120.17139427529615,23.00062770668331,71.15422297390754
120.17141763493146,23.00044387001184,82.27885207427427
120.1715958875898,23.000510922879183,65.49008529806753
120.1716878740588,23.000484396595322,64.90739873973152
120.17177241645508,23.000452903423145,62.615464099953684
120.17188325368207,23.000361902522954,59.946528989524055
120.17191519868912,23.000248258266716,64.53238848381672
120.17201885989476,23.000263049196445,63.07214541654225
120.17210754739737,23.000227040822615,66.1413857890854
120.1722240175185,23.00023238063289,71.33684300466817
120.17230675171541,23.000141138440643,67.85925088730585
120.17242958926101,23.000191517410784,64.76801667720707
120.17256634205343,23.000252962183808,70.6061354286646
120.17265186729601,23.00020607056148,72.18711918151394
120.17275128962581,23.000152576854404,68.34488242591807
120.17283522572284,23.00013522768527,65.24711175048837
120.17291173773947,23.000021252436188,65.16567746714011
120.17302476092318,23.00005889438993,73.96751659624326
120.17310985296936,23.000048482271545,75.08075295712094
120.17320561724993,22.999992007951604,78.32934912239003
120.17330803001894,23.000056294198913,77.48730936309944
120.1734361434863,23.000002463618817,75.29619092899239
120.17354213447113,23.000017901055653,82.23609435491211
120.17358447101192,22.999843821070577,67.90992627167513
120.17373328584168,22.999906139230156,74.77106425744584
120.17383082707417,22.99984094817652,72.13028820607808
120.17397653334767,22.99984393632125,93.52091906674923
120.1740189975741,22.99970221455462,77.840557361789
120.17407020812597,22.999604531089997,60.45302715721037
120.17414876216074,22.999504225319345,56.5824764726549
120.17438602489793,22.999584831765105,68.96063464716524
120.17439910003621,22.999433198641785,54.51202678286624
120.17447953428115,22.999408383839274,52.09804163474685
120.17459962728647,22.99939215315254,54.84222469775503
120.17470691343645,22.999523657762236,82.18350795246455
120.17475337152581,22.9995483284499,87.93049124516035
120.17496445177885,22.999420807507867,69.34763775484625
120.17501798668665,22.999262599237788,63.9280024329084
120.17520746874334,22.99945074611416,86.88664907564934
120.17509485177024,22.999209786409885,49.172892888569045
120.17551369926109,22.999656271801687,110.52031407490172
120.17552608576035,22.999546783536992,95.39763302974735
120.17547042066705,22.999223212956274,52.811696586770985
120.17565218485213,22.999414955746005,74.76932991551158
120.17565957779775,22.999788508507972,125.30996014696909
120.1757421764375,22.999351196317146,67.02782652904762
120.17577024583612,22.99921744268638,52.85389969666312
120.17587881636192,22.999227000686382,57.79380033830306
120.17593544305761,22.99928319173135,63.44584666970876
120.17584233502946,22.99925239770828,57.949783970230826
120.1758045067389,22.99946922928038,92.79508739097763
120.17591173342598,22.999356632331434,73.78683478113416
120.17590493535208,22.999341530381717,74.30208235683445
120.17594694267213,22.999357319742117,74.19807620082564
120.1759712889248,22.99938365345964,75.3961367910025
120.17589441937439,22.999303525923636,63.303886861275345
120.17589366784445,22.999388176045702,76.47752362647185
120.17597923335548,22.999322733269345,76.21933285733706
120.17599335724765,22.99933726609526,72.42654727731649
120.17601303010903,22.999437307588238,85.54234378031504
120.17599657328759,22.99950182689684,88.94117852013693
120.17608909829286,22.99956264060147,91.26971004927017
120.17601229201426,22.999540135745082,91.30786920814663
120.17597551781041,22.999567074826277,83.2521060355205
120.17601459826221,22.999544003994878,80.33133684292652
120.17603590969053,22.999516182961084,82.42504896389788
120.17616766507331,22.99946515521006,73.24918322344045
120.17612063595784,22.999480658138395,76.71849694882054
120.17611811890566,22.999589349899413,88.23918169886804
120.17611515024008,22.99962506488745,95.54277396078098
120.17632413967542,22.9996280584104,104.45832954701058
120.17624114819792,22.99962403326947,106.97417494088899
120.17629085393746,22.999594883047664,112.19419621772465
120.17602434962046,22.999372318034254,81.502299956782
120.17601065781871,22.999410527561373,90.88475824902306
120.17594153074528,22.99938176340976,88.30552385576597
120.17598399110904,22.99939725674519,85.32996099385603
120.1759582432743,22.999304416392178,74.12684465172
120.1759881637195,22.99937782403573,83.44748938781947
120.17597406903174,22.99948998031111,94.54888199169497
120.1758994250393,22.99936201770591,78.28814164987874
120.17598230766697,22.999202893926004,62.28924380419766
120.17596240063546,22.999342976782412,78.06350631792876
120.17597256262394,22.999392268178752,85.29238836258435
120.1759921582464,22.999430759553494,89.4022383003559
120.17600521163146,22.99926045347097,74.15785727471152
120.1760390598774,22.999212384319158,73.14444871833942
120.17598692335157,22.99931906154358,87.46865334681083
120.17595983815055,22.999106599351006,53.41908583268613
120.17592679075162,22.999320525239675,80.86637764631206
120.175917514292,22.99935128181041,84.66332022579321
120.17589402029773,22.999421391998606,91.36824031400347
120.17593835202577,22.99942438857084,86.82505370261023
120.17597404926615,22.99940703290848,87.68768880988992
120.17603558915044,22.999358524326162,54.30013707777914
120.17604491896768,22.999383474090163,67.73591845276061
120.17593049227652,22.99943975248362,74.34180399939541
120.17588679008897,22.999321206684716,64.93025466543749
120.17593586300376,22.999398531139455,72.11619584918839
120.17597947082652,22.999450577576678,75.56520017916992
120.17601191793398,22.999324361459074,67.6939342087633
120.17610520851554,22.99927891820414,59.853636799899995
120.17615568564688,22.999315117440382,67.9878625967221
120.17621540663318,22.99923168705548,59.4400081573195
120.17624460583765,22.999258518192953,68.0305750656047
120.17631180884833,22.99927802229286,69.34004868080977
120.1764203408506,22.999429792783832,89.78224677320202
120.17645367947777,22.99954026917447,104.47853975828778
120.176698192589,22.999193988980714,59.24868013857742
120.17680812824212,22.99914961824663,55.95384937664811
120.17687787001458,22.999317318803634,82.92054240601487
120.17689404426785,22.99931089674309,90.67933188043177
120.1770436133639,22.999549506875816,107.04128809499421
120.17714618552533,22.999614421753133,112.70928820993045
120.17733126088132,22.99948136458098,106.4940822722914
120.17742099472223,22.999437013968127,95.1260986531212
120.17748041801086,22.999371162613844,90.80084052491867
120.17749844685261,22.999312374947387,87.67675218906503
120.17765434456548,22.999290026810076,86.83596395543367
120.17772717589207,22.999303954513653,83.34041244267756
120.17780654334629,22.99925498137323,87.27022669521035
120.17787572084899,22.999248291756402,87.93982835222346
120.17803856427312,22.99928845721071,102.72400025278745
120.17811216889503,22.999238114184394,108.25882812997942
120.17828209371814,22.99916997679527,84.28663783211479
120.1782782961401,22.999548137445185,142.04838693513588
120.17836883354589,22.999734064395884,142.25847168145344
120.17838590785382,22.99997854531869,157.66237689517808
120.17851594454764,23.00000479082068,171.49549037999589
120.17863627618833,23.000112733977826,200.94931538663508
120.1787654826029,23.00009026792922,183.6607305495546
120.17892836746803,22.999766626631786,122.76875683128529
120.17906505153059,22.999820881468445,129.8376860803754
120.17890589913087,23.00018501925636,186.08970894766196
120.17903941151772,23.000189345810906,164.2747942003639
120.17919046040063,23.000118072758337,200.0118499943761
120.17930493598514,23.000129739244215,204.98088156034248
120.17940377574193,22.999205504090515,72.83184141478439
120.17956683284604,22.9992720004707,76.5381967762838
120.17955263947526,22.999149312392728,69.50139528485006
120.17958884403666,22.999191642870418,88.64457964767344
120.17966584892031,22.999089178229873,84.8785273917831
120.17978013158503,22.999114599263294,73.94710650471872
120.17983624218394,22.99914463860978,82.27393753344157
120.17991411049172,22.999197395214328,91.71226411866819
120.18002476814623,22.99920635535942,91.23682096536481
120.18014821734346,22.999224318707917,92.30343142202896
120.18025414709439,22.99919850093715,101.61762019638746
120.18039360064832,22.99919131006919,95.12483329649987
120.18051436292944,22.999150910709496,87.25686356282978
120.18060843022491,22.99913749926266,82.46263515647982
120.1807139558724,22.999119122918504,72.62712843650301
120.18082738487219,22.999156110437685,68.40450850744712
120.18089385376597,22.999167824581495,66.69404159282666
120.180973408843,22.99917425239846,66.47700632817677
120.18111243470267,22.999177454689043,54.610882110435746
120.18119441509629,22.999392644909946,71.342000534008
120.18124461865584,22.99930272795252,86.60190657702273
120.18140505612807,22.99934361141089,92.29365951378247
120.181530356534,22.999169181226776,70.20834977659925
120.18166452244893,22.999143270000957,71.51797080571176
120.1817243415199,22.999150866103378,70.61048455190414
120.18178710383104,22.999161003577065,66.70350233096492
120.18182636072186,22.999114755584372,66.95822116875726
120.18189367203254,22.99911772808477,77.39672379914414
120.18198678909117,22.999122851396148,73.95642266591254
120.1821180661032,22.99917118582266,75.18478303923023
120.18221689838673,22.999209547408086,82.44330575680902
120.18230549141587,22.99921982896234,84.6126895762432
120.18237323532398,22.999205823434945,80.5972263508722
120.18246310910548,22.999260606795385,88.19784776445447
120.18253620969742,22.99927928581674,89.45459255560586
120.1825667488624,22.999170829227,86.86098375363127
120.18264903499615,22.999282589001904,88.20995829698188
120.18282799840732,22.999141748514422,52.55227147618105
120.18278156534107,22.999364130480387,99.33896164834064
120.18285419375357,22.999247036085574,87.74485098212388
120.18289414882425,22.99932782599885,96.68739581093288
120.18306815850289,22.99948686071147,94.56450473422944
120.18313252785623,22.999163340588275,65.17204564404503
120.18324477160853,22.999335848042023,84.95591208350251
120.18327800139545,22.999145287965707,61.33286960145225
120.18333277345035,22.99919492691958,66.36061991810482
120.18338629526953,22.99922966428114,70.27546676249627
120.1834730171225,22.999195307924055,69.9203378303859
120.18352514727202,22.999187226648367,70.35654560877903
120.18357776718777,22.999122354726833,66.22423935724697
120.18361366199166,22.999074532838524,64.4871984480197
120.18354239674281,22.999161802613262,56.17684240289448
120.18364969433865,22.999113710673683,72.72880074964667
120.183631284298,22.99912901464399,70.2563613509348
120.18379210642816,22.99902455330777,83.50613247027572
120.18376083605581,22.998966964108728,73.72376833794041
120.18377848693909,22.99894980805182,71.32296961617348
120.18372420745682,22.99904042889243,61.72587578715996
120.18376556600357,22.99906725978918,70.133818542344
120.18377198697928,22.999026458246806,66.5831184924941
120.18383856665429,22.998983448114597,77.90723115532633
120.18380022123873,22.999043063587163,71.92755668460288
120.183791813544,22.99905378885146,68.84455618211192
120.18373570967286,22.99914735121116,65.59940745597594
120.18382343636209,22.999100137200138,71.64054324753035
120.18381970742719,22.999129081746926,63.42723988097691
120.18390781722832,22.999065565828275,67.7483190946762
120.18385209541904,22.999191816886785,50.803076611874076
120.18394200102811,22.999182209585733,53.26766913226999
120.18403038931253,22.999186988637785,68.1114231465257
120.18406906856927,22.999300719685127,78.06708018977379
120.18415397361467,22.999385618824487,93.67551078630936
120.18424110879253,22.999403857071513,96.92014703111899
120.1844223708616,22.999385964913937,91.99620688946666
120.1845311068167,22.99927974763707,80.0761428124257
120.18458443948693,22.999328821592755,83.33626035043655
120.18481355703967,22.99936878713808,73.32435955234446
120.18490137949354,22.999340440631318,76.72707172173378
120.18495602365435,22.999229594131123,77.04440936021717
120.18504556871623,22.999206219954672,71.59223991625257
120.18520549493479,22.999282176624423,80.71204304444983
120.1852967145121,22.999233483032857,74.55705570635533
120.18538490934056,22.99928035434028,84.43466313818675
120.18543872974189,22.99922858616483,79.61573939864702
120.18547683676584,22.99912759004881,68.6919099435875
120.18557919573821,22.999186189298406,76.28003429491544
120.18564504209107,22.99923383676997,85.26037437813906
120.18568696272305,22.999343251670357,80.2843456633922
120.1858143045505,22.99929627848964,96.25893921489137
120.18598689588507,22.99934870744575,100.90627499819978
120.18607534977673,22.999397294724734,105.58489129631297
120.1861090354496,22.999493127882303,104.18008716092933
120.18617776394827,22.999454510109125,113.63641774278398
120.18619784885712,22.99922604177024,86.77468806906047
120.1863550708729,22.999064919799274,67.65623870242294
120.18641180335763,22.99906789074623,70.46376141855635
120.1864527225588,22.999055291889025,70.81482389055212
120.18655477944789,22.99906260712716,70.71133604694677
120.18652240893678,22.998863263478306,96.41481072033255
120.18657431685514,22.99879478863594,96.5257441967443
120.18667267903928,22.998826056835814,98.44373174424473
120.18683125376268,22.998918349855863,76.82578248501757
120.18692423499903,22.99889045717411,91.59428192958747
120.18708110509762,22.99896596414754,81.24137087529968
120.1870982487357,22.99898389223923,76.66662929879087
120.18717759558885,22.999007414671542,76.15934800762015
120.18721487481994,22.999019819498578,74.74825360853728
120.18726330331042,22.99903787769177,75.79624335016484
120.18733104655905,22.999033392201422,72.33463848705519
120.18738559702209,22.999071690063527,74.95428871174812
120.18742937426609,22.99911168314551,77.20613609824578
120.18749549993338,22.99916063883664,79.65587156420115
120.18756550265464,22.99922460368073,93.2111696238381
120.18766035767507,22.999243370844194,95.01130169431275
120.18774511811657,22.999255129419097,96.40005821305103
120.187818116218,22.999307014052626,106.16722452431233
120.18788820121871,22.999369317886234,114.61834044329638
120.18793119550487,22.999513565176525,123.74546413309851
120.18800948025574,22.99954133524264,128.9708236543456
120.18799889025401,22.999388331196588,143.3889029465057
120.18789793218501,22.999068659445523,164.14551462286383
120.18789165932404,22.998829551742507,160.9045995337703
120.18802032794113,22.99877728263332,139.7544599650874
120.18811559495667,22.99877383095706,123.25786556521261
120.18833867356526,22.99918819702202,90.82714568513612
120.18824099965599,22.9989896041307,119.22816180175185
120.18828364660156,22.998938219802255,117.46688688979106
120.18837310313216,22.99886537176623,102.90296525976183
120.18841008423648,22.99883329446095,100.7567375378366
120.18848842821983,22.998811969793515,85.39786352887259
120.18859177992697,22.998902693126997,86.71291251583892
120.18880951191154,22.999011582820234,64.19426565771151
120.18889794382619,22.999050406584864,68.3672082901226
120.1888720026852,22.998962056283183,104.09945443610206
120.18895294771693,22.998982135252195,111.31984683346657
120.18897817567168,22.99893469431638,126.46398136337646
120.18917361894853,22.998910974719095,121.84863876456537
120.18929446639586,22.99896220274231,125.26112317089884
120.18940884692981,22.999021466001004,134.64689851849315
120.18933245787966,22.99908993246034,126.92780468348032
120.18940669357895,22.998982211930386,127.73496367418323
120.18953160039565,22.999178238784012,134.92978253867034
120.1895841635004,22.99927138363163,151.26180911989542
120.18959082763199,22.999107888540927,143.09361079449778
120.18971876434938,22.99875924274982,97.85180246577717
120.1898069803788,22.999056256524366,136.16534498664427
120.18983765219492,22.99870394787805,96.4869507056745
120.18976066909399,22.998452624346154,72.32944203837256
120.18980645508196,22.99835668481838,65.15012961026842
120.18978783988976,22.99825883232885,37.77376269063585
120.19006862033528,22.998362020918986,55.811281336889685
120.19020612917438,22.99865037212718,134.21539948336567
120.19018192022843,22.998850095481476,126.32169887156233
120.19018092989899,22.99896914395689,135.72094989892707
120.19011070585493,22.998731012212907,111.44239292091736
120.1900445977552,22.999400370462787,145.83975664600194
120.19040515007639,22.998917366134147,10.248674806799068
120.1901572192378,22.99893398498273,91.00811448290621
120.19015333159068,22.99906780654336,131.34137990787877
120.19029652594782,22.998938644699013,124.5416054321852
120.19033244890048,22.99910742857765,122.14054765081438
120.19063173566624,22.99904686775082,82.93270605630204
120.19067858228445,22.999100277494147,59.097247968858575
120.19079118905721,22.999117007074084,65.49449204687102
120.1907994323006,22.999395280583858,87.6520461950927
120.1907898393502,22.999280401181593,88.9725109408913
120.1909164052575,22.99924145427202,85.76635805328657
120.19089701227327,22.999413725688832,78.89127590884827
120.19086877938946,22.99940439097907,71.31209389390646
120.19085171296136,22.999375132183637,64.65171741883694
120.19087360276949,22.999390831767304,58.30776812458691
120.19083399835446,22.999496646950913,72.95033714690736
120.19081963788284,22.99960637733394,64.12959107536895
120.19081246321863,22.999483310046948,16.688564267890232
120.19085473237969,22.999489435071897,52.83888338431696
120.19075282208509,22.999456277165958,88.05709426463912
120.19075413409433,22.999456919619256,108.54870301493855
120.19077951018969,22.99944714149958,72.11985490177378
120.19096670362048,22.99931970722517,78.88703540143432
120.19102232582077,22.99941429787028,86.42123472733893
120.19100442440478,22.999385786363987,78.1274607234543
120.19114525976984,22.9993859034611,67.229029950833
120.19113731638815,22.999443804069006,70.29562903697835
120.19114974498659,22.999539527271864,53.42324008655334
120.19125808122284,22.999526096544688,58.90142031572678
120.19138253774679,22.999574798265918,83.30756007788386
120.19146433229031,22.999674656292765,91.3073704211889
120.19135854132098,22.999835575086284,85.64694000677532
120.19151434534481,22.999817721134217,82.33366824447953
120.19155126768413,22.999844086571972,74.14279839528257
120.19164445527436,22.999909191983306,84.9061426637188
120.1917283080287,22.99992581882445,70.41326004999983
120.19178696640634,22.99986826825034,74.99724490443448
120.19187834488527,22.999861436148876,77.9240131020983
120.19204069963051,23.000029056718855,85.38870685503092
120.19207696782505,23.000174902366506,99.87141354112015
120.19204465031933,23.000366318891736,107.73637600066492
120.19212141403334,23.000489923964587,111.38372508503083
120.19221711668621,23.000489054599342,104.79458703865825
120.19233785497005,23.000491986692452,94.94714101199665
120.19236444568459,23.00051150695636,93.78786095727386
120.19239016302907,23.000498179137338,102.03322693950606
120.19245070046843,23.00057054781524,91.6458543384414
120.19255986994962,23.000624785193356,93.22568212986512
120.19265268360701,23.000812380940438,103.42772851216863
120.19275530215593,23.000888347083404,92.56635361154437
120.19267854838272,23.000926448724503,97.04218616400084
120.19275432004623,23.000980786294573,100.84499343406421
120.19277852125606,23.001072920697677,104.07774933617311
120.19306001862756,23.001142864500714,78.09751869623612
120.19309528706728,23.00120725528697,81.71467777135365
120.1931788482484,23.001214722354614,95.21464251658601
120.19327933742515,23.00123638941783,87.7412261126758
120.19333579063911,23.00129632896438,90.62580328636783
120.19344861605603,23.00137821966159,76.64831040735827
120.19355826181362,23.001468724463248,89.7015862929131
120.19357914021393,23.001477544775224,83.16593528382515
120.19364416656619,23.00152963424389,78.40354094230204
120.19371885567271,23.001576599274856,83.0025584199951
120.19381742566718,23.001566646790497,75.98130092009198
120.19387097809053,23.001633716887795,75.52807481796563
120.19392350319484,23.001738069931793,86.33426185387736
120.19401529097723,23.00176043868482,82.8197740156412
120.1941899504747,23.00179913070051,77.37322622066105
120.19426506090899,23.001843477800115,78.42488654505561
120.19431792890438,23.00187905462433,86.75515575568714
120.1943663744217,23.00184306541825,93.7830060483275
120.19443836436741,23.001845998025665,99.21933236538844
120.19474992199062,23.00198206352121,105.9101780765945
120.19487245159972,23.002074427437755,108.4084415890049
120.19491856770266,23.001990084771247,100.72956597998092
120.19495363606022,23.00192359624239,91.62464426816325
120.19498641424295,23.002015278155806,99.40571100890102
120.19503120564207,23.00209592412742,108.62448274062086
120.1950866974379,23.002141619039715,110.89941830195478
120.19512092147436,23.00210772963938,111.63418023172537
120.19524469518934,23.002086366342493,114.59998467720699
120.19533486690509,23.00215838559624,122.62193146818541
120.19534419844223,23.002129316709294,127.11530421297746
120.19546408039682,23.002068078721475,122.8464637370466
120.19551682215042,23.00209330998859,120.60708105998684
120.19558009750388,23.002087374589095,123.49647600923234
120.1956501700376,23.0020877247544,123.99292678300455
120.19567165585812,23.00211668726865,127.3665025011848
120.19574421645562,23.002148404216257,136.15460740205742
120.19584166355702,23.002115567131305,130.59989080359367
120.19593526362354,23.00222756288492,150.73213929503035
120.19600020679205,23.00221017909895,165.61962257116525
120.19606156512495,23.002234515004695,172.3360678071087
120.19607404177957,23.002269999697752,178.8804726364125
120.19610629133298,23.002303039376827,181.33117086941323
120.19625098012017,23.001883517945327,122.33767732764375
120.19626564282721,23.001806522349792,106.79871088556165
120.19628467035139,23.001777918284727,92.52769217463643
120.19627744123129,23.001645599787228,70.50204871627348
120.19627029807296,23.001490056755035,53.491535587103506
120.19619055922175,23.00164754095603,73.98347530589695
120.19621409339574,23.00162853304626,67.64918198155289
120.19630154544406,23.00150952348601,63.37898051299374
120.19630358160745,23.00155470885611,56.143516116653274
120.19647834567756,23.001565787892435,62.48223339187236
120.19659385047632,23.001609857940476,96.0805023178309
120.19663945211957,23.00157863834022,89.49090878812005
120.19678897885548,23.00156119585208,96.67256437782024
120.19696408525522,23.001629286710738,108.08767956575161
120.1971317438563,23.0017363077728,115.46368106582388
120.19728168617782,23.001758922017576,125.1217958251774
120.19743005791665,23.001850804996387,142.61673473568925
120.19739554030653,23.001655608192802,142.47830168536157
120.19763548774864,23.001140002747924,101.1832119391317
120.19763406568366,23.000991751837837,82.12080468004235
120.19765748546493,23.00095598024805,86.19326346332844
120.19772329256864,23.000908706333487,87.56027463355065
120.19778421053407,23.000946112109137,92.69642082879729
120.19784892618368,23.000924849899732,95.77899587115756
120.19795748812425,23.0009035128157,91.33238101736227
120.19804393691425,23.00092914239555,87.22291953753489
120.19816565659558,23.000907994949685,77.83996914427063
120.1982994427941,23.0010041944528,59.66777300432618
120.1983765016208,23.001025762065005,56.6290905158234
120.19841799482008,23.000870982075494,66.55056041482213
120.1984576193269,23.000800578284935,67.15625934463795
120.19851094856595,23.00077569670921,67.13917385992912
120.1986272377534,23.000840033894754,82.79495890580164
120.19873749528594,23.00060263542849,74.74450794810282
120.1983903474761,23.00089308528503,2.8239138312047363
120.19895701525667,23.00052309296285,80.798302514324
120.19898122910423,23.000509563652894,84.08116305109792
120.19903487363156,23.00043711375427,88.22877002756051
120.1991079650692,23.00035731189811,95.09397719269036
120.19918715450827,23.000354702708705,106.54917338732517
120.19918587268728,23.00032751396345,107.84010457321425
120.19918658692967,23.000316958013407,121.8715986323288
120.19913831650545,23.000376180126857,131.90181215759202
120.19928876396389,23.000409160731973,146.8167463722344
120.19965419363096,23.000384561562264,112.3005705463534
120.19978765790628,23.000279056263373,101.26537521753349
120.1998331314637,23.000256878469376,95.14908373822843
120.19989308843495,23.000076422364966,92.04167710102254
120.20018518860914,23.00028439120794,84.84634176785839
120.20031233883422,23.000077250460595,72.10784200975169
120.20040255167913,23.00016042839916,91.57878311516396
120.2004443679497,23.000085820325467,88.31673460279988
120.20055133321847,23.000141964822635,81.63128213374081
120.2005846961017,23.000077701703088,82.0757590709175
120.20070195489768,23.0000110440257,101.99295659043943
120.20078151287841,23.000063637651355,100.95836379204835
120.20083799046392,22.999928543769354,103.41437602851427
120.20089381946029,22.999887086014574,118.93545842354148
120.2008689542013,22.99983569340015,118.26766249220356
120.2010437429127,23.000031301609923,83.07194855292776
120.20109245272812,22.999955961440815,93.22966543225807
120.20116983010394,22.9999789356676,92.62799602484156
120.20117617129448,22.999931895407535,86.51986277177028
120.20120842756259,23.00001316312731,111.25345306809419
120.20128799939774,22.999950364072916,93.51277465939815
120.20135211200935,23.000101604956686,88.6901787550128
120.20142832236766,23.00006493439651,98.37704307219984
120.20139799399428,23.00012246487218,107.7214891969864
120.20140158319063,23.0000594102875,89.62421196379779
120.20139818227717,23.000103773970082,108.14529470597468
120.20134463345022,23.000105557722517,100.21543528204461
120.20138225696739,22.99952506804035,62.80454314538386
120.20140187944733,22.999714125480704,72.93554691492454
120.20140056553065,22.999682624251342,67.35837153133089
120.20157189005607,22.99968535422781,19.621584301347625
120.20160836785823,22.999637747908427,5.783059847028539
120.2013806389463,22.99961478549918,124.19537787729789
120.20126481316852,22.999861932761522,89.88879958116898
120.2011122244226,22.99986615726136,103.91507625266922
120.20121988962885,22.999355351103322,47.773937334220335
120.20127244176543,22.99984982592108,116.2561355591578
120.20108479609121,22.999416140695438,57.85979178317992
120.20107817027824,22.999543370852734,70.02839749070841
120.20091624795413,22.99973115388251,94.59681588773773
120.20096429683775,22.99974117886788,104.93420028463368
120.200958782468,22.999937408661555,128.1254773342259
120.2009098613105,22.9997760155463,138.36324424619136
120.20083355989249,22.99982684955613,143.0339275519776
120.20102626395965,22.999517612204567,135.95534866920573
120.20071932228939,22.999784922981,214.07627055262714
120.2013290600954,23.00019009884369,107.93073257680908
120.20142940073028,22.99996532878771,45.485646442443304
120.2014090147074,22.999840621744152,78.93496922501913
120.20150786558915,23.00003909116281,90.1487275141903
120.20147258946827,22.999832954506726,83.77646079095337
120.20146501101894,22.999727186263502,72.26606391612789
120.20144858287448,22.999745600965014,77.19266915411488
120.2014771887081,22.99973538096405,79.61471760202697
120.2015398915689,22.999699998828632,92.85372652622054
120.20148004827992,22.99974077941199,91.28559063831736
120.20156295363186,22.999627732778908,87.96481898702865
120.20166292852046,22.9996205331705,104.64318520619217
120.20180634744021,22.99954347234362,109.33155269611335
120.20198312032277,22.999888414120242,98.78811060967259
120.20173274278444,22.999508270419643,152.5778802815789
120.20201015851728,22.999670984711184,119.75260110650107
120.20203720142744,22.999612504574426,116.2079546704063
120.2021614036725,22.999520238506868,110.9995016904781
120.20226737907001,22.99956665064148,117.47558701809605
120.20232539906034,22.999527502541508,110.11068807979282
120.2022200723916,22.999633148843575,145.801646164064
120.20236439833451,22.999568795268548,136.16174585186633
120.20252384905254,22.999532193914792,117.787973661652
120.20262535047817,22.999536068606357,117.40692929041025
120.20260524288737,22.99950445439735,121.31915005738142
120.2027013101986,22.999481760849164,112.57359970969637
120.20265229566722,22.99944338972804,108.34778546790797
120.20286234106541,22.99955371511527,102.72161715280882
120.2029076126104,22.999524943633897,109.84890356732912
120.20286028693012,22.999594670593098,136.0801820800644
120.20306425563554,22.999175826940743,68.07459793036321
120.20297386743569,22.999362885032383,111.96891000051441
120.2030922482614,22.99929931945889,113.66809512556988
120.20321051718136,22.999334271221223,120.92509033866736
120.20320230243604,22.999312391890538,127.72525835778669
120.20336012638174,22.999387100048107,138.78253057227062
120.20350072243812,22.99945934890799,144.49768887072855
120.20348344491045,22.999386546702635,146.82760513650976
120.20356745087726,22.99934990895425,145.22287794783583
120.20359909288008,22.99922466590278,153.4732174942966
120.20362631218093,22.999240188180764,161.09140650234613
120.20389843903945,22.999026469789154,106.21008551874566
120.20382749207289,22.999129913027286,143.08556980551026
120.20394344515086,22.999250708120968,156.83654874842185
120.20418166836559,22.999486415690345,183.93897652917926
120.20423086864628,22.999371061397007,177.59392860062002
120.20440877371159,22.999219496352303,130.35534237428297
120.20447890374815,22.999109971439083,113.81812068218204
120.20463709998906,22.998967063686248,118.94417660016929
120.20479047889536,22.998811033482447,113.6931721068247
120.20476297538602,22.99887149325238,90.62208853630645
120.20481543960628,22.998817607542886,83.71422601057166
120.20486390757334,22.998731654346813,89.70724234317245
120.20489135893112,22.99868838737148,93.23227646156236
120.20488564036009,22.998658294048187,101.64156929159158
120.2048797445885,22.998541354037044,104.98305571192236
120.20488046007111,22.99849785809353,104.99195370210865
120.20487376078984,22.998471859185095,115.41563766102567
120.20488095392085,22.99846710450855,109.07273827289261
120.20487414662254,22.998426669092268,106.03115153403326
120.20483584557705,22.99834395492422,124.80551487738957
120.2049834891745,22.9985222889536,118.25374978235644
120.20495392717253,22.998568776149583,128.46053828400835
120.204987207545,22.99837478633246,107.55129590692522
120.20512935596085,22.998506968497523,108.64506111040623
120.20493253566511,22.998290332665633,94.50135239732103
120.20504417324553,22.99862742073259,157.16194943574706
120.20501150914447,22.998622096084834,135.39933745846855
120.20504372468702,22.99873499762104,142.52562404354032
120.20494813794176,22.99821963589043,107.95214334904594
120.20486938368659,22.998276652402716,142.68184151110896
120.20499451777718,22.99842639513148,145.4121750982396
120.20510100759921,22.998619291077947,159.39346426117638
120.20502297894426,22.998497025268435,136.6104765867201
120.20496540018354,22.99835416007174,153.0029578755315
120.20497878450732,22.998418637338787,145.38388863261875
120.20483969120876,22.99824236929712,122.31837679642706
120.2048595841484,22.998295816024754,126.44045622097428
120.20492898668826,22.998488681800083,146.31789375507938
120.20482327514247,22.998422143698082,109.59155316482295
120.20497612778027,22.998549324288568,116.71892879174008
120.20498666582162,22.99846461779866,83.3616280536983
120.20501567740406,22.998619726453907,103.75665740927667
120.2048190107119,22.998560308420945,71.40043248273231
120.20486738400133,22.99856311312754,73.95831016919135
120.20493846671806,22.998441708761685,93.45550933047286
120.20488911573608,22.998214438373648,70.72049805560331
120.2048266762749,22.99830450402252,103.11844007002402
120.20491512579295,22.998229215482443,94.83606367299457
120.20511387215959,22.998308088096493,78.97124804316132
120.20514887600308,22.99846491450021,95.055606124074
120.20508913541416,22.998456633972175,113.44039514685159
120.20495241032134,22.998594762061295,138.4160227701872
120.20504086578892,22.998452109614114,101.36466838542144
120.20496517742667,22.998640035009036,131.93431554421764
120.20504590205027,22.99880858424796,146.60354037991016
120.20509481884402,22.99882941283417,141.46962662359454
120.20505730411307,22.99851682202993,148.44594960387116
120.20495047284551,22.998218216541254,130.01581437695475
120.20510058628581,22.998337916330577,140.3056285824139
120.20517801510536,22.998424053759642,138.05615071789754
120.20504822178582,22.99840653413022,120.05181693462093
120.20509815642366,22.998366276618828,125.95053393050047
120.20506916008594,22.998436653269795,149.7289376971317
120.20516571197825,22.99878975309697,112.34118649202198
120.20495284860368,22.998374898696014,135.17335905260893
120.20502679711946,22.998425625349324,134.56176521262603
120.2049274179775,22.99817750051521,115.08215728036079
120.20509079749795,22.998330197546377,98.04355435225847
120.20520516304587,22.998483719280276,92.38668275060216
120.20542910344558,22.998662462465504,104.57632778342285
120.20557984699128,22.998511940835527,91.8484799896217
120.20583481206327,22.99842993389542,78.57952489226605
120.20590332049734,22.998424162031593,98.30089822069354
120.20593856310126,22.998311802926196,90.13100929831057
120.20611072122486,22.99833813077065,94.43987197263195
120.20622473903401,22.99837579716463,104.29306762227321
120.20628980734068,22.99839504148399,96.88707957301862
120.20644817372117,22.998381928509335,95.17468353350775
120.20644228911993,22.998188751159827,77.99586069039742
120.20651807797007,22.99825568774176,83.2048499905803
120.20671318292409,22.998189526233254,123.08823446817563
120.2067440822191,22.998195780761122,136.68192578739476
120.2067437236674,22.998150455061015,117.4819038807204
120.20674159596129,22.998129418489885,113.94517534840283
120.20682630711912,22.99828051285271,127.479883317754
120.20695821656194,22.99839387137859,123.27888011593947
120.2071692112272,22.998339057429035,103.09955932768816
120.20717695902135,22.998201983836847,108.2785792473143
120.20732000246097,22.99828671474372,117.57949629660379
120.20736845075746,22.998256687640335,105.1602538767204
120.20756506681211,22.99804980158977,92.79846019121582
120.20766942492976,22.998191281787292,85.62885649596932
120.20773628485496,22.99817842086743,95.90950199275915
120.20776239223548,22.99815591591168,102.4424713526233
120.20770137814495,22.997847241078116,137.12903035359898
120.20784090323215,22.997892168419177,144.66604939289104
120.20809378319507,22.998018236004647,128.39516536043362
120.20823981299635,22.99807639020379,129.01050282564987
120.20846315183978,22.998045814660067,140.81637861429044
120.2084917756051,22.998164376475142,143.90317170641708
120.2085286089712,22.99828427653613,135.23012835808618
120.20865339111673,22.99829319570784,154.46136841692478
120.20873828584425,22.99820718842296,167.18553882332532
120.20869797294823,22.998277933622372,158.77059537901408
120.20876834905992,22.99833778121039,140.8780194558501
120.20880176824264,22.998217823104014,159.01041230881913
120.20881509744933,22.998272136794,149.78020602922513
120.20882465945934,22.998338173263043,141.52992910808354
120.20891911433074,22.998238892297742,136.38164191607007
120.20893513149758,22.998133093126967,124.35498999619179
120.20893506769181,22.99814628073134,133.5914862029136
120.20887023569402,22.998105728900157,117.13769604221886
120.2089461204464,22.99808741272124,121.01167727001612
120.20894837887526,22.998140145843596,113.7212956760649
120.20881443802625,22.998144601674905,83.20139877474153
120.20884694492725,22.998268344922643,117.01766136995785
120.20898938062501,22.998211728585414,132.26101417548148
120.2090451095631,22.998263672663004,154.47092843603667
120.20900031397859,22.998147955195474,129.06195298243256
120.2090755098178,22.998178543161927,115.60416087298745
120.20905247270687,22.998131484245864,99.11883614240861
120.20909372289331,22.998117037978442,94.09874846883493
120.20927430594223,22.998085596529318,105.73658753301946
120.20925608162806,22.99794009765304,120.96226500734267
120.2093947866303,22.99799108445226,124.62252925193022
120.20942134433318,22.998064568002324,121.15326815128071
120.2095431024796,22.997962652344615,128.56450781181886
120.20963098388376,22.998031095749802,131.50352173708532
120.20982509397109,22.99800871458829,124.53913016668979
120.20988020082133,22.997882629692345,130.8914147507935
120.20997162210956,22.997850643541458,144.09512694023817
120.21001195342757,22.99784660333569,117.27996802965443
120.21012439495045,22.998053184587203,151.7564264789521
120.21012141401917,22.997936651425288,154.87893694012124
120.21010796565866,22.99789871858977,157.50016767347478
120.21039793969037,22.997689378993037,82.38357208278813
120.21032806323774,22.99739885453396,123.4252952216236
120.21038925832994,22.997532622186966,135.78747150158065
120.2103475639032,22.99747396707175,141.69349553549014
120.21058196287862,22.99731551769888,117.60430818523403
120.2108732857906,22.997663716737748,86.71410729054644
120.2108670433983,22.997566271016893,97.9381633712551
120.21073837169666,22.997193221253703,109.12616012401995
120.21077388473147,22.9971363546064,109.33700933274187
120.21077408427097,22.99707456366188,128.85679507674064
120.21085535160789,22.997046461353875,121.01737656059827
120.21101014117268,22.99715529454805,119.63236338802179
120.21129727720282,22.997560238200922,130.12115114624203
120.21138385485753,22.99754846196343,125.46495753679291
120.21141933011609,22.997589058597622,124.98220751958794
120.21159251951407,22.99765410889125,127.61375462047016
120.21168609670652,22.9975322026967,129.27254551283846
120.21170497022406,22.997572144831903,135.07317819619252
120.21175015155369,22.997605112481136,145.30962411207224
120.21185810311675,22.997534218733083,160.58861299532168
120.21180700027215,22.997557141016014,165.9039924980358
120.21180566638166,22.99760751710546,171.76606846262624
120.21177401093307,22.997577644714003,165.62585838346598
120.21177067737838,22.997459464873888,157.46774990878262
120.21169037024737,22.997277621688408,132.8238334549988
120.21171852449481,22.997253127202466,126.76536089550522
120.21177207246697,22.997242930669476,127.75175819002321
120.21181913780418,22.997338180267786,137.099538215862
120.21176085293929,22.997235375717814,127.62741534720371
120.2117618560374,22.997258254477757,131.4125447059627
120.21171006482415,22.997261721913816,142.18457014228395
120.21173965151829,22.997243818889444,139.4958183534798
120.21175251187691,22.997284932021696,135.8169859325437
120.21174153294167,22.99727300272147,133.0806124039655
120.21186109682402,22.997341012493827,160.62397721906075
120.21195033712162,22.997444199929006,164.86924315220395
120.21201983552055,22.997600806524375,175.2483452158912
120.21199834428654,22.99751644172144,155.70130021944806
120.21209604797023,22.997547851716025,183.05134898463166
120.21186676502839,22.99721817999548,146.4873179482212
120.21174282612387,22.997116513688848,134.25230016945756
120.21185727502989,22.99715531765523,142.61894652919761
120.21170324132073,22.99711160646265,137.46532159722227
120.21166934591689,22.99709406783031,140.0345288664592
120.21174361129576,22.99713481221438,148.8688796005559
120.21176439377764,22.99710736408882,141.32641551756157
120.21177297452834,22.997110214637434,143.24602371662078
120.21189338813936,22.99706356949895,130.80525519196428
120.21207847976173,22.997164172244105,142.3456047137219
120.21208853036839,22.997191916305507,143.86046510436148
120.21208802049597,22.997259584771314,149.0977119418428
120.21216006986299,22.997390987263984,163.6811690468946
120.21206972419496,22.99723847624994,147.87574918177555
120.21207139897037,22.99718651674937,154.39879399727076
120.21198623692577,22.997130573377294,154.0157715209607
120.21193889874739,22.99707385002322,153.27056874950839
120.21190343946623,22.997192506573953,160.2613648366972
120.21199989352266,22.997239472535092,165.48281315296313
120.21185313200205,22.997248336456213,161.4148980337093
120.21173993429149,22.99723938057536,156.05812871195505
120.21174487967029,22.997253493658366,158.81354754344102
120.21162821310895,22.997372518661304,131.66343209178052
120.21167736399269,22.997328827830508,127.17445872613304
120.21184855618182,22.997110877820827,157.58931135188288
120.21159788463783,22.997272886558317,138.68351725143023
120.21195973647956,22.997073187912413,160.0755169092581
120.21194074808446,22.996981837286622,157.67686603148346
120.21174204451944,22.997056557153787,121.25633295444031
120.21167548021236,22.997044153979488,106.76748609146853
120.21164834517157,22.997068451446356,119.38620454084064
120.21160457953924,22.997085579348873,121.23102317967695
120.21167621709873,22.996975800144064,119.2866884256675
120.21166291447578,22.997051773738928,143.37864700547397
120.21161872839473,22.997172648043165,143.50355028697473
120.21172761100053,22.99712692036956,146.4148155048613
120.21165074293692,22.997119971924853,137.8176346001513
120.21163113516384,22.997189599045328,153.93630362676964
120.21166971437239,22.99719639075194,155.79746523898842
120.21162962885118,22.997245339728924,153.480224929524
120.21184128948485,22.997253228972554,157.56262681365632
120.21187125742266,22.997292423170425,178.05984997430758
120.21195232981374,22.997389159390593,194.77735589487702
120.2119703285912,22.99731868703414,191.13817161157718
120.21189658485211,22.997320352917786,198.66665491939065
120.21201127422037,22.99739685052618,227.05431917202586
120.21191319119933,22.99721478998845,199.62734068509457
120.21192467187053,22.997241244406318,203.6377982753199
120.21203484994982,22.997304725335955,189.39007304090492
120.21203695018161,22.997378850875535,186.0680488699357
120.21215863133342,22.997138396285116,120.37618011795618
120.21212328270599,22.997254336720438,147.50327043299896
120.21206741810785,22.99739553227998,166.92196655124877
120.21250381231272,22.997235825292037,77.56600000811295
120.21224936003574,22.997231426637693,122.38776686372167
120.21227698517959,22.997371233011815,116.98644494654434
120.21231161599407,22.99754727329995,137.0139832902996
120.21259986722812,22.99756167372126,109.58096510780072
120.2123833070577,22.997639782146823,110.39085183382029
120.21244551281823,22.997762857848272,131.39477701512055
120.21238305746397,22.997830663428918,125.87157498225983
120.21239798599593,22.997941670362305,129.03039068928007
120.21247740306517,22.997897695804298,119.86585111788834
120.21255032972687,22.997919575296297,106.3476696156883
120.21261598298807,22.998011411078103,106.37213838910066
120.21261883874857,22.99810197154604,123.09599028268211
120.21267534037895,22.998089768883315,99.82981799699266
120.21271015702976,22.998060935666967,104.87786754065537
120.21267380379712,22.998191788007336,101.04416005420674
120.21251843292961,22.99825212296549,94.36249760919016
120.21252314447783,22.998350311262595,97.95359905735785
120.2125394347644,22.998444418555025,97.15181641136243
120.21255853627146,22.998512449969017,89.05483146109506
120.21258532401173,22.99864410813089,81.69256528204541
120.21269286194043,22.998839416786733,89.13756687492628
120.2126769518152,22.99885186142445,85.36353444287961
120.2127012556122,22.999037367359595,93.47289874485408
120.21272578873817,22.998989350474297,77.8603025812195
120.21268398418871,22.999128296209296,97.02558774566835
120.21270561346476,22.999185335482135,99.7376138721288
120.21265595683468,22.999255305197522,105.90261759336322
120.21265035528808,22.99919770634245,97.35787148618171
120.21270481735156,22.9992598228489,102.73566630973683
120.21265316712721,22.999362734285743,120.27971412864672
120.21271349636916,22.999520586093364,107.90652878764995
120.21258684916653,22.99950797198449,104.32337487111039
120.21256465216752,22.999533700528957,101.86428079116645
120.21259288978862,22.999615279447443,105.27326771610383
120.21250818772253,22.9996577989674,120.27923781187046
120.21250948003876,22.999748663883995,135.96383604686784
120.21287583737292,22.999856471464874,84.86480305890132
120.21287659719945,22.999950328999944,82.59475641086799
120.2128632921011,22.99988878016239,74.8974491397187
120.21297821347774,22.999960651542395,61.8873113455295
120.21280601099234,22.999961096211024,80.74248495220017
120.21288832038528,23.00009341075041,84.18845869930854
120.21287891012614,23.00025095758359,107.39961125060795
120.21283801389353,23.000264011511582,113.95991589628656
120.21289799528576,23.000379184151967,107.14808000856924
120.2129183289205,23.000472906013673,111.59511151358186
120.21302386425474,23.000458125818223,92.04144352188058
120.21306449439938,23.000469682550563,84.88023369949349
120.2131127521365,23.00057171032797,79.10417566737567
120.21311896660403,23.000589257174774,73.22314412678868
120.21314711305467,23.000675925844796,74.97661643349373
120.21304269904812,23.000723519338262,91.445338260469
120.21300974540753,23.00082226395078,103.02898094957082
120.21303917672797,23.000865920137418,103.04331967930408
120.21299979341917,23.000835448868568,105.36163901636652
120.2129662899667,23.00077047567376,102.5523094305313
120.21296106812807,23.00077250789607,89.06842423476776
120.2128767849181,23.000836216761037,113.8704238259097
120.21297850875519,23.00110432838319,89.95520259830978
120.2130752554582,23.001193665539713,86.43049246265632
120.21314006199218,23.001216603762828,65.72881156176376
120.21320269267197,23.001244128509942,77.00877186756416
120.21321330493836,23.001271554392076,81.26007483253325
120.21323214134341,23.001306048077183,81.84713494848252
120.21325758479952,23.001384400055034,92.83221633440002
120.21329407673554,23.0014781132014,105.81748032880266
120.21327099989587,23.001463191533052,105.90962056064826
120.21324154958678,23.001568399519112,122.48375195666742
120.21327757333123,23.001416708687753,98.93021595445546
120.2132336648664,23.001451355461402,99.67507830308628
120.21324013737966,23.001410921499076,97.4915684627295
120.21324200458142,23.001390752036876,92.2531858183755
120.21322782642817,23.00150125089317,103.40230701252015
120.21322699707932,23.001466270934795,89.92608570120663
120.2132476258162,23.001428916203086,85.71933342012544
120.2132636968726,23.00137367333499,72.77869597902762
120.21327560466156,23.00142754825782,77.05727921816461
120.21326744423781,23.001485307375393,77.20046216371686
120.21330916690384,23.00149010229323,70.91664119940198
120.21328336799456,23.00157649901702,77.52310726715086
120.21330762558593,23.00168884158332,90.90597075457546
120.21340740253626,23.001603246255012,74.13321686907885
120.21343782624533,23.001571984289324,67.64755210558951
120.21345938989536,23.001618544366078,76.87616504041402
120.2134603927869,23.001667447545554,84.82944795401959
120.21351223796327,23.001633243543136,88.40403236680974
120.21352336553205,23.00165581918996,92.99799462753133
120.21354223338889,23.00168602618104,100.62537822100714
120.2135802439973,23.001668923724093,99.36385760400616
120.2136537000167,23.001678933197454,99.51801145912668
120.21367536036396,23.00174757413742,111.9637292240194
120.2138315021075,23.001944503233325,138.3023915773002
120.21382510517559,23.0018723784199,132.77710710112194
120.21388761187127,23.001857247575145,129.32362027739464
120.21394040426333,23.001835163811492,147.65399005230475
120.21392704073699,23.00190337085071,133.7437008738646
120.21391976354356,23.001966921293704,70.48629864050518
120.21423616388839,23.001772920629993,43.96614952265344
120.21430169565534,23.001972625034853,146.76863927439945
120.2144136645035,23.001483996356757,102.87091772416973
120.21435735417496,23.001614168645116,89.88665169980885
120.21439952008228,23.001586149889565,89.79426605199174
120.21441039407739,23.001606994797086,94.86020645328787
120.21444490828812,23.00162894172496,98.2741532018902
120.21446896579972,23.00162375158058,97.25943437233124
120.21457183751173,23.001621473927024,97.06881229076164
120.21464998242749,23.001726596867528,113.22055308024238
120.21462510741746,23.001662229851753,106.83310879992203
120.21468057604885,23.001723862151348,116.05412149702406
120.21467318743134,23.00173389235762,119.43249139406667
120.21472737482347,23.001707459323818,116.71021247819245
120.21470246992392,23.001790356867183,132.67581119070698
120.21467657110752,23.00174136735494,125.46912266919607
120.21469384443209,23.00164543730762,112.9527807775015
120.21468447086372,23.00159599970881,109.14975274856921
120.21474222002291,23.00157887721238,109.51441734925112
120.21464055402676,23.001595270445407,108.13889567160402
120.21476879675461,23.001508103184477,107.35388389658941
120.2147394311346,23.001522473029137,95.19352555377002
120.21468749635723,23.001462493664192,100.72657824865354
120.2147625972789,23.001548431144762,113.76251506975424
120.21475979591881,23.00161200441929,129.36774967051136
120.21470781106969,23.001590540259595,115.61315141760842
120.21472047858045,23.00169787207914,109.0926862975241
120.21468252711902,23.00179468175717,122.8472658627983
120.2147101114846,23.0016620576016,102.76438483778482
120.2147654904719,23.001630615179522,82.18398219939738
120.21478565853626,23.00153152951752,91.99534071078517
120.21472831192933,23.001533170967505,125.92091661424102
120.21467963099947,23.001710987051265,113.14065357568715
120.21473123433117,23.001659740857253,115.37447621553392
120.21478367630675,23.001640325827914,106.53351200609816
120.21477767428556,23.001683650100976,123.19246540234401
120.21478931028925,23.001665211997185,134.67501372004082
120.21477657124356,23.00166487499528,129.7575390684523
120.2147992854518,23.001676099618663,124.52939285800953
120.2147165430528,23.001751639118545,127.79458351546971
120.21476986910444,23.001667814963145,108.29788936504652
120.2146632239892,23.001578407358405,122.81558654960261
120.21466168945541,23.001602000481952,118.03110336962958
120.21472349955123,23.001457153109676,96.78343804750219
120.21473114456133,23.00140672266345,110.95449283933334
120.21473352763354,23.0015533400153,101.9738316737101
120.21469110678117,23.00149140326911,100.15497351386243
120.21456703160945,23.001420270908362,98.6913335364245
120.21461569078073,23.001441102437532,104.63124580641399
120.21474547484235,23.00163074380521,124.37788935301346
120.2146710005023,23.001606083921384,122.91165662536422
120.21465805614706,23.001539554258166,121.0903667933844
120.21457192838247,23.001390854405734,117.39282753167618
120.2146234700472,23.001481060625117,113.7739164059105
120.21459266935155,23.001627544565434,122.87117757907399
120.21464845026226,23.001684151922632,141.43364741887902
120.2147101537917,23.001673868757685,130.11841240722893
120.2147928445206,23.001590327958194,114.84116244765343
120.21476936451931,23.001599189211838,103.01659975648386
120.21477002306194,23.001640538514543,103.96385052818003
120.21471827241966,23.00171774641373,120.22215226349782
120.21467690878818,23.001725818426273,125.38038927680061
120.2146664688199,23.001683569057047,124.81009606523484
120.21469413212203,23.00173159579634,126.80094051871477
120.21474518632218,23.00157920845894,98.80409117636196
120.21473425538247,23.001596190543403,96.3891557946825
120.21471512509972,23.00159467461171,94.99626767178405
120.21468945459408,23.001726672845837,122.7278428801082
120.21466952375224,23.00174552221251,125.07599718849924
120.21469050768798,23.001686437353627,113.33525116224769
120.214736934005,23.0016080903359,102.29667042944968
120.2147724433785,23.001525847881283,96.35614588804417
120.21475589721504,23.00150269454084,94.51702868577044
120.21472161893357,23.001484709360493,95.7677783372469
120.21475926173484,23.00151103110644,101.8605531040494
120.21482471786197,23.001476476827165,100.81064499288449
120.21485387935964,23.00147581934936,101.50000478257746
120.21496117253452,23.00150035570264,114.12225667333055
120.21507125386552,23.0015458696514,123.21593572694997
120.21511602594633,23.0017440869286,152.01576022942473
120.21519599488177,23.00166887134531,139.24849134745796
120.2152555246326,23.001644364577835,136.77487653790143
120.21532773652173,23.00167206433197,136.42551364800022
120.21541559334898,23.001570971774516,117.89976763970823
120.21542823918294,23.0014324860031,99.2198815669776
120.21549041961953,23.00146005389088,104.03272465980997
120.21555120002259,23.001468512244767,106.92809313001082
120.21561181513898,23.00144580687939,103.12279965997205
120.2156813252051,23.001441510953654,105.10407449839225
120.21574457010493,23.001418804550593,100.82393155971839
120.21592767359233,23.00161241523982,126.53804135553798
120.21598254791932,23.001632775114008,130.8213405318703
120.21606452179974,23.001708285366714,146.35345221704034
120.21609474768279,23.001541045478174,120.54138417026579
120.21610561943557,23.00146415855565,127.52789157392021
120.21614479463268,23.001521298936233,122.66784703768514
120.21632113088607,23.001615841153345,127.89252947415903
120.21633978225127,23.00156325200062,125.25233213125325
120.21638673554742,23.001523314035445,121.16549712829861
120.21643225076495,23.00153643625943,133.18667858951767
120.21653687288422,23.00158924834574,139.2007320798535
120.21660229357471,23.00156486140026,134.54051474170518
120.21669089053614,23.001526904163985,135.44758853187528
120.21673345212966,23.001308037660795,106.62920082120289
120.21688883230192,23.001301158970787,100.35935700375512
120.21690848517906,23.00123062250813,94.71294956114147
120.21697909032049,23.001121701712197,85.78330945567983
120.21705193862735,23.00117201032621,84.4024202872012
120.21721354905957,23.0011316595527,74.48270111348334
120.21725148572281,23.000982415691453,80.29018116283932
120.2173383751047,23.001032805358513,86.76886045016965
120.2173419822368,23.00103437633883,97.87147257580249
120.21733764832776,23.00107642592161,106.65065167803775
120.21747512952004,23.001199437705157,102.99641027398695
120.21756641339972,23.001069281869285,94.49854241897046
120.21762073077203,23.001083324126164,119.54301104050104
120.21767574793344,23.001153689085065,154.44986823762616
120.21782524808081,23.001297690101538,143.20137081530413
120.21796730132746,23.00143541836234,127.29775434668241
120.21801297210311,23.00143181377806,126.97316152715436
120.21815101642022,23.001415302913752,130.29364939599193
120.21819658480273,23.001415935226014,129.7124907346091
120.21826998590666,23.001413820228432,133.2631714998036
120.21832196889036,23.0014010282652,140.67188370161927
120.21839012656164,23.00136538681482,147.36921772996934
120.218391157811,23.00168782477162,187.38539491254173
120.21846537415044,23.00170870495941,190.5667430064791
120.21853408825082,23.00164885733231,207.21113482463997
120.21857496420635,23.001612672080014,192.13919393287236
120.21858983840885,23.00163977081374,191.33694445610627
120.21866938785769,23.001515784019055,183.13750948062997
120.2186863836724,23.001553475241696,174.44468925384564
120.21866096752757,23.001472610019015,191.4066688483794
120.2187497470312,23.00139365834021,185.7691308846743
120.21874681302818,23.0013774146369,164.3050236605275
120.2187515033106,23.00150404948841,186.37316621522248
120.21883093932992,23.00144061248425,158.99423279831674
120.21884790427315,23.00153368448777,162.0969092370813
120.21888092916446,23.001632491379308,195.67236205473276
120.21874053313216,23.001438951350924,178.3526217529037
120.21867497890909,23.001339317568302,164.43600137527656
120.21886917924014,23.00163446572463,205.90343311313163
120.21869781865851,23.0012136760989,146.58727290696368
120.21879535145432,23.001394404153785,166.0873780588766
120.21880795648143,23.00141356376088,167.20689432728187
120.2187533146878,23.001491519348924,164.85447536775396
120.2187300238012,23.00136344669073,167.14469767388272
120.21883230003283,23.001642389667516,202.4521145426968
120.2188200022447,23.001451264411607,214.9781170116269
120.21879876351223,23.001447495029073,206.5984550754237
120.2188670157543,23.00155269702401,212.25778056384738
120.21896888883109,23.00171237003599,199.1211543822637
120.21889845481259,23.001672805609676,205.09080078056905
120.2187342334981,23.001626466892258,219.26033308321033
120.21882071358937,23.001773867622177,199.27254119039637
120.2186915503244,23.00157016376967,190.23781266151101
120.21872332205892,23.00165341142805,186.61536466922695
120.21866132190117,23.00159191775618,183.18523724473863
120.21856653831009,23.001395823067238,165.2869796366089
120.21858598572004,23.001307914955778,170.1984781585529
120.21864963449944,23.0013784992175,167.07540862176765
120.21881526543503,23.0014497628454,197.48958639103876
120.21866107654719,23.00142539534969,170.1633357212751
120.21863115022603,23.001414525197088,148.35675825133626
120.21851492638352,23.001492117483505,149.81012913946
120.21867064542134,23.00168880536052,180.03191694088844
120.21881142183919,23.001833553887277,237.40080463354414
120.21854145662542,23.001427469953132,184.65355789707414
120.21852754119647,23.00138736266284,186.53962015635733
120.21857788586203,23.001395581536162,168.77329036503434
120.21871099241697,23.00147890367346,159.02070132594915
120.21871633032781,23.00138964214764,158.79228213372159
120.2187071062801,23.001367912602287,136.45393877053974
120.2186659301385,23.001269026193658,125.75592039209452
120.21856351233377,23.001223045843346,119.1552155513761
120.2185504723187,23.001348797693673,147.6956432257525
120.21850030789156,23.00131859847509,161.32005150853436
120.21849458836586,23.001356514934287,170.3872184456001
120.21849389674674,23.00139437485328,176.6800577782322
120.21846783118832,23.00148758269338,167.9244501273497
120.2185474803383,23.00144844763506,180.2835930216066
120.2184337208205,23.001309388923666,161.49675983229739
120.21848370838777,23.001306098821658,175.42574442849545
120.21856091360492,23.001488591918903,186.85882935289698
120.21870342345069,23.001532551102635,208.02540587043697
120.21869762868901,23.00136857341583,190.56313743483238
120.21889036316004,23.001488057103437,140.79645386926606
120.21884018311175,23.001458813104108,165.87269675687745
120.21884260712082,23.001310065745493,181.5000517028806
120.21887413538661,23.00140410038487,182.65214713435145
120.2188802800214,23.00131290665893,174.089169985434
120.21885943153256,23.0013693521806,158.77880659026926
120.21873868856643,23.001333033683228,160.03808255051246
120.21874209036635,23.001326724335147,154.10958080048079
120.21881606046463,23.001460267219837,168.65923248959857
120.21876731773314,23.0013574686785,162.11207572433088
120.21870158865093,23.001233642000436,161.0387202833915
120.21866606122009,23.001054405164737,134.127499764554
120.21865787637728,23.001117280346815,140.46983604443443
120.21857215627541,23.000976846766303,145.29964917166942
120.2185318331811,23.0009230466129,155.06362144848595
120.21847553342563,23.00092315516062,161.93085815545248
120.21836881109554,23.000745288929874,168.89108404970574
120.21821006769858,23.00069629668056,196.84431827958167
120.21828706047445,23.000300141248346,149.78864700761721
120.21874089828677,23.000090864730733,74.93084292375832
120.2180781908928,23.000630958794286,233.81982287692242
120.21869310075658,22.999869475463246,71.14380363993372
120.21878648588151,22.999782128794052,66.30594836445027
120.21870324699316,22.99978987878853,55.213742888501805
120.21844140621624,22.999521645361558,111.08325794132985
120.21865039121039,22.99956493469512,71.86582786014347
120.21844429924307,22.999474467096963,95.97110096902522
120.21845275545734,22.99938852080169,98.20086268583388
120.21852324641797,22.999439783753665,79.18734539296858
120.21848034985129,22.99930741507397,94.91838894364308
120.2185443539738,22.999326519647266,76.43248891990041
120.21849268199844,22.99927660484536,79.3307054676489
120.21842853326152,22.999144734787933,101.25913817465305
120.21842510845246,22.999072993787536,105.04142407713546
120.21846723776532,22.99913434912817,95.97279142128886
120.21846407112955,22.99908327504654,91.38556284270315
120.21852397441874,22.9990276324709,76.53801968703847
120.21856228533875,22.998975528970487,70.59379097611789
120.21858283544434,22.998961685084424,67.23139332611011
120.21848125793451,22.998861989660437,80.06826693742809
120.21853376900539,22.998819815367657,76.98811331577436
120.21855898987336,22.998781214889053,78.83236076666722
120.2185480747303,22.998717436254594,78.65182155584462
120.2184989824594,22.998685169078698,87.54174588986704
120.21851140200907,22.998628807478585,99.45322354882353
120.21850693352245,22.998571153547758,82.5399049328429
120.2185451243165,22.998531484040218,65.97614483735997
120.21860589187662,22.998520444305996,71.1540376654698
120.21861264621687,22.99851569422537,71.82330398469519
120.21855414364727,22.99857387453576,85.10980230115115
120.21854924159274,22.998524934132245,91.47367113960345
120.21847328793423,22.998551152090354,108.71680978465946
120.21847409831246,22.99839154924445,71.34951305517478
120.21823832273954,22.998365735996046,125.82761956376422
120.21832879721592,22.998356627899852,112.45236541833862
120.21820513444823,22.9982535835969,90.32303611511064
120.21830102367096,22.998269413693272,101.13331039016337
120.2184027344775,22.998106305842793,76.34952827369463
120.2184618109955,22.99799417647625,70.79599187903646
120.21847780424076,22.997902338323065,75.89805910975315
120.21842084561638,22.99813423933462,114.37483968345148
120.218419615427,22.998015957856065,111.8873888430661
120.21835940220274,22.997783283064624,90.39950159700808
120.21825569247855,22.997754153950066,88.06516072498175
120.21818800744903,22.997786333658095,102.87161850996627
120.21816686343615,22.99774402234773,93.87995958212814
120.2181950873403,22.997706607313834,94.17089573630906
120.21818990030333,22.997625084189572,97.27670067473443
120.21823189450853,22.997711231501352,111.05369534997418
120.21827706426781,22.99774061772908,113.07083106129821
120.21824917450195,22.997678858266198,115.08930228531347
120.21830524655888,22.997562058186503,106.34996549031491
120.2183371899806,22.997628839212737,120.06096890754121
120.21829168687304,22.997565785148005,126.08760105216906
120.2182536365212,22.997620437210447,131.06470705008763
120.21824357068493,22.997587432900154,131.9406965227988
120.21823762079326,22.99755223727321,127.46482953355483
120.21823776390727,22.997438644695972,112.39573781799565
120.21816804706253,22.997472667811213,126.35404628357342
120.21821037770307,22.997420216858377,125.05466358314608
120.21810955471341,22.99739328422283,139.01989556931193
120.21802549931442,22.997440113549096,158.14669827838952
120.21794139723183,22.997380587163367,159.2444571230064
120.21798360991858,22.99747909363481,157.71236122370058
120.21801374556343,22.997488355714292,157.83471777818502
120.21804691069438,22.997353366629763,135.63547627602298
120.21817046687583,22.99729529370439,107.25078227898175
120.218115450896,22.997444598098294,133.39205492682413
120.21811203214673,22.99742748905205,125.92950842895597
120.21816614160856,22.997422878894298,124.68795429170014
120.21815258059756,22.997378725714114,128.22157933578347
120.21846568246812,22.99722570067262,71.7918636809176
120.21821617528258,22.997473144857455,144.6933737253619
120.21812221565037,22.997379160671642,143.2416190627605
120.2184191122958,22.997486105536005,116.45926842207956
120.21842826379827,22.99729972420865,104.28105779132129
120.21841485193929,22.99720054317783,94.08753262348078
120.21840796636202,22.997272576142315,109.27633710427558
120.21848399479445,22.997214115928628,89.26027266667181
120.21852431869726,22.997201355818476,92.51427795978236
120.21839454722755,22.99722360092806,111.66902755150623
120.21844184457132,22.997199555789607,103.38245801274559
120.21862104021695,22.99721541704939,67.50596972251715
120.21855096878535,22.997163318206123,66.16114257598943
120.21862008486856,22.997204405026746,71.37782214283621
120.21861976764158,22.997292880968185,82.30031671461818
120.21862274495274,22.997421453055708,98.10024992653692
120.21860654624082,22.997351637076633,101.58992149843172
120.21855853137205,22.997335646388255,91.60667770115744
120.2184915380359,22.997285542625022,106.902989132091
120.21872825896601,22.99733729026494,117.74467084254377
120.21853297680647,22.9973281351485,144.44858992327536
120.21852053991,22.99737859072031,147.7906714285585
120.21853214056365,22.997230937456404,134.2920778790233
120.21846296052226,22.997209239260815,110.25719087186829
120.21835934109876,22.997064121363284,30.069368859296844
120.21854633741818,22.9968132444603,-32.526856008374196
120.21815771533608,22.997601516427192,320.5270123988566
120.21925308029391,22.997932800355944,178.49877341267543
120.218789092519,22.997790908544633,87.55458623466515
120.21914617369849,22.997347156584325,53.43165373720403
120.21886158064746,22.997585332020922,24.214201668815726
120.21889944983226,22.99738678438633,9.546706978022964
120.21904399939307,22.997783013408945,190.59758957277137
120.21940013437093,22.9979271044981,-52.442032330743714
