120.14744787055056,22.990190318622112,50.03486642676319
120.14738609715668,22.990237937679638,44.024182773698605
120.14737161861193,22.99025070210847,41.88178761102335
120.14735180755189,22.990264156552172,33.83568831886524
120.14738176769035,22.990239737054196,43.509708419864026
120.14742245532088,22.990210821080353,46.92188331831985
120.14736204637957,22.99026166494952,37.043168652606546
120.14749197485702,22.9901513566556,64.67146783984585
120.1474886991156,22.99015560770032,61.60897721922335
120.14742814383885,22.990205710353028,51.34260365777466
120.14742697354598,22.990206912252763,52.514937693641585
120.14747447550137,22.990164907587484,62.53401398822405
120.14744948423397,22.990182925078553,57.84969173023719
120.14743181680467,22.99020323668826,49.35226555838238
120.14746651810678,22.990174211808043,58.56737905535621
120.14742138756114,22.99021168622162,50.509233742767925
120.14742866916075,22.990202334688554,49.12009947752332
120.1474154422712,22.990210752930135,51.57351399990866
120.14747790244665,22.990159715089412,64.50780481839479
120.1474683413231,22.990167204885953,66.75964527526429
120.14749139826986,22.990150493251747,65.85324473599964
120.14745575999878,22.990184812859784,57.95959123076916
120.14737248628393,22.990253869217437,44.57412118740744
120.14737609664292,22.99025099485941,47.21870707105298
120.14738523706468,22.990245482719878,47.249879712556464
120.14741306093427,22.990216706439394,51.67168805950367
120.14741400637165,22.990219122401445,53.03488050749886
120.14740880220423,22.990218063443034,53.1017780089389
120.14744228962927,22.990191131292054,55.507192784324545
120.14743750564924,22.99019622192519,56.3978797495205
120.14742789089797,22.990205592207644,56.42226490051552
120.14742602225243,22.990204517109667,58.072580376009604
120.14745707997541,22.990175638137227,64.25739761337624
120.14748415526124,22.99015504076544,64.97588721859852
120.14747449852263,22.990162222969985,65.85551634744054
120.14745419777678,22.99017882910678,63.62969094138274
120.14745435543489,22.99017790254459,64.4927139795465
120.14739897182916,22.990224181621194,53.12138497098612
120.1474787416973,22.990161817334556,67.83902881983113
120.14749256851526,22.99015041260979,64.45665195862178
120.14750829784329,22.9901375175233,65.6960491129989
120.14740390446318,22.990229346810008,54.14696996316541
120.1474198526701,22.990220873809,51.39384599821966
120.14750879880015,22.990146590456913,65.90986264877913
120.14749064409152,22.99015900581887,69.49824109475125
120.14746455587577,22.99018398175082,55.607666518179805
120.14747443341274,22.990174355505474,61.58157745246131
120.14743571163974,22.99021445007889,51.65619707896832
120.14741686649577,22.990231776458003,50.58289722744575
120.14748747630509,22.99017061045641,64.46879213755737
120.14748575399852,22.990172416905114,61.73931458165648
120.14748159491981,22.99017754328105,62.412358385264945
120.14751025585215,22.990149489003777,63.809999261098554
120.14746375886332,22.990187851559607,58.837402121505995
120.14743885988383,22.99021158826744,51.06681739027149
120.14741567579087,22.9902323638476,48.44910402216297
120.14745505596208,22.990197842700084,56.22496330193959
120.14745555672364,22.990198662582664,52.65938874756641
120.14752194364947,22.990142810953046,70.02697893177996
120.14740350401902,22.9902398833775,52.99415401051862
120.1475549437903,22.99010983631326,74.63269124768463
120.14756270613185,22.990102452427262,80.11461818718196
120.14741886277017,22.990223842227174,48.97851389260529
120.14742437330823,22.99022182614193,46.57345127543456
120.14741971031216,22.99022614043668,47.26033699303196
120.147408291296,22.990233684207922,49.84245110483662
120.14761510805236,22.990063807833252,86.9067844625252
120.147411093707,22.99023111451169,50.143069672122884
120.14741513686558,22.99022896644224,49.28017033532274
120.14740842587564,22.990232505005373,49.94056383655099
120.14742288070435,22.990218490637872,48.39348917819505
120.14741956552282,22.990217562673607,49.28951570684735
120.14742780713327,22.990209426800003,46.42346325435344
120.14744331980874,22.99021262001785,46.85990819574003
120.14743037050854,22.990221629075606,48.41103235826934
120.14744230825475,22.990215413403646,46.19905832663752
120.14741967105897,22.99023008346387,50.66754879370567
120.14741926035767,22.990228442217663,49.89035560781864
120.14749709710901,22.99016358397583,65.08824744599174
120.14747203990817,22.990189855448463,52.957725283853925
120.14746203885464,22.9901865031236,51.542691641182884
120.14744197750348,22.990202556532964,50.794580397424376
120.14738690862673,22.990247911376546,40.356097698929574
120.14741647490595,22.99022222257292,48.638470643482904
120.14746396962688,22.990184358399212,46.54694522405437
120.14747565376692,22.990173468702153,54.74846554889441
120.14750081003345,22.990152427688997,56.82142330540948
120.14749945625988,22.99015380054783,55.69320093989353
120.1475169362833,22.990139912685926,55.30532440823477
120.14749136448523,22.99015973889815,60.62957763835823
120.14748575093554,22.990164730340144,57.610769043410045
120.1474384587735,22.990204325790625,48.286354160394545
120.14748281621188,22.990167939605733,53.902697917840314
120.14755999817703,22.99010430025569,61.45062985654428
120.14747159055685,22.990178178443717,47.58656222904496
120.14746831818691,22.99018045997517,50.72572230180091
120.14750128019874,22.990163468434726,62.90452885767116
120.14743160473601,22.990215201619932,45.884986156723876
120.14741977072416,22.99022243412503,47.86546171484094
120.14743086378402,22.99021330705313,46.14774970052976
120.14744701459021,22.990199732589527,50.81690318948213
120.14743352097351,22.990214645694,42.13526615377499
120.14744169350666,22.990188280791582,57.494414574467655
120.14745535457968,22.990182208849344,57.199025049711054
120.14746065157316,22.990186975429097,58.457214613772884
120.14741925629927,22.990225561291382,50.667635964795764
120.14737759106909,22.990249471143827,53.42152073041364
120.14736030751514,22.99025648902918,50.50900636620797
120.14737631392163,22.990230897817014,55.97625937540329
120.14742159375426,22.990292279847825,52.81930584316822
120.14739650429279,22.990334389297825,63.54521713700418
120.14751511853493,22.990213185524475,34.07197324885363
120.14755447660494,22.990305242734706,39.02231547217445
120.14753206393934,22.990336400626774,67.12088278403364
120.14753279118777,22.990359158472593,60.0248629095531
120.14749059625336,22.990377260103976,69.3492649082162
120.14751458860731,22.990328489037847,62.41548114324939
120.14752371187461,22.99035062606174,74.20411256547325
120.14746865914294,22.990384140000167,59.08258509916223
120.14756992649134,22.99029104041302,69.2011594995545
120.14747664542806,22.990343278899815,84.02717090101612
120.14754803490976,22.990352130635472,65.15246697345349
120.14755377813235,22.99042640767747,78.99160917690848
120.147574266363,22.990326418521548,74.3334973769973
120.1475596534812,22.99027925356977,60.104617844916625
120.14759528705622,22.99026842681056,65.89673151770118
120.14758075066817,22.99021992871699,69.85400144824304
120.14752889810492,22.99027109201093,66.88759719859208
120.14759633759768,22.99021152668567,83.09279880797031
120.14769509222914,22.99022052848181,64.66908392533652
120.14767685087533,22.990217821723082,57.14914596176342
120.14775043169156,22.99028366332825,67.92046916008731
120.14771219179335,22.990258654361398,61.05153513913434
120.14764293169253,22.990249270809517,67.55309035521493
120.14772870685002,22.99024134968669,68.4835100938047
120.14768777379174,22.990222794406236,62.42061355585637
120.14769373448094,22.99023705819088,67.98974197171539
120.14768625164596,22.99014656578515,61.943117853101064
120.14764809800538,22.990172869407267,69.01926821478783
120.14768613847913,22.990111116835372,42.28901670527745
120.1475884193179,22.990138542354885,57.68011874463205
120.14761879242141,22.99009525461983,43.75760658977369
120.14765850303964,22.990111880358437,48.66862682868278
120.1476582468433,22.990119692136084,47.499168639257576
120.14764325377602,22.990122290841292,61.160639849373496
120.14764480456051,22.990143158491435,57.32720026897793
120.1476014480381,22.990249865347927,46.27525796541904
120.14757472923122,22.99031646232332,61.9290812741397
120.14760310893402,22.990271976179127,59.62095193645405
120.1475707233872,22.990295413933474,69.27059187679106
120.14756446049891,22.990330056350988,75.25470419566891
120.14769803003111,22.990296412905575,67.41813509896348
120.1476823777013,22.990242801984287,63.545119838995404
120.147688071751,22.9902764890226,59.79979231288462
120.14767678634806,22.990208839041895,52.5426451823759
120.14761811251317,22.990152198039468,43.06866332349348
120.14768982553169,22.990195307083308,49.09777770785935
120.14769045668439,22.99022663943682,94.9096211928565
120.14777169421032,22.990192886320823,62.275942568925416
120.14770037779455,22.99010186323275,44.59377631696081
120.14765013778207,22.990199845323403,65.77637374499633
120.1476520824768,22.9901925325595,70.30970091836612
120.14771226312497,22.990240971277697,65.67626391804056
120.14764468057385,22.990197973036885,73.39847770274801
120.14748972966889,22.990288999364935,104.72816277826833
120.1476647017456,22.990112056826778,53.34977490574937
120.14767484441403,22.99014724639648,56.70373697598607
120.14766774370986,22.990165844717218,56.781834538618696
120.14766872735301,22.99022187332119,56.550702997683814
120.14765344011597,22.99019419857974,58.45450426288231
120.14760267579564,22.990168989685934,56.466551752771224
120.14762936923032,22.990313627669366,64.5881787461386
120.14760660594875,22.990359728079927,79.72946195673745
120.14756993819807,22.990196566758648,74.33161903339216
120.14770249715325,22.99014732747131,47.91551101697392
120.14766534918988,22.99023033549043,57.183532922811686
120.14765389982827,22.99028717850021,66.82049423203718
120.14769042197715,22.990138644125096,39.25013546086858
120.14767781239594,22.990176757314867,45.17363761058131
120.14768876636221,22.990254894571432,58.7339660194943
120.1477064935239,22.990279083959813,57.80279339077452
120.14770433722056,22.99036790127372,66.18938954484923
120.1476949773778,22.99036720335881,56.771455947534506
120.14771754957215,22.99035249293303,46.53227503946269
120.1476995162952,22.990343198095474,42.026001513117265
120.14767966488112,22.99038923481406,45.81964219386269
120.14764916512269,22.99042571688838,53.609574221092366
120.14771091920984,22.990511314112094,46.28329052578658
120.14771787005894,22.990523651323322,51.95917275335989
120.1477813264081,22.99055483194952,51.69444350040177
120.14780997532111,22.99064531044854,66.41383360722625
120.14788719716356,22.990645392030018,52.01376659422539
120.14787148098804,22.99064665941053,50.7479370256732
120.1479094272845,22.99068991043252,60.62876582341363
120.14795885627295,22.990728284307085,61.16057094590301
120.14800937137332,22.990775675534234,53.59612309600601
120.14801402606669,22.99079298204532,54.56513532135792
120.14802264388305,22.990832865467446,49.09039148359226
120.14803573849122,22.990837515134814,35.14056133679809
120.1480647988798,22.99095187568044,55.159217496354124
120.14807280715753,22.99096370494206,54.36663296013701
120.14803317711694,22.990924426932228,54.836146343144144
120.14798061041583,22.991020629035273,59.71389795086461
120.14784708525463,22.990941742043486,73.73536885086297
120.14796647125547,22.991055242191727,39.750522521325365
120.14791645869666,22.99109469505292,38.374670480025934
120.14784414440759,22.99112180442461,41.046693039517635
120.14778367072543,22.99116724135875,40.775623856575734
120.14771608001124,22.991211007166036,41.889924627323246
120.14766342811923,22.991271507776446,43.81762130849407
120.14761553050676,22.991317931600737,41.822005406830975
120.14755811566657,22.99137173679611,40.85819581545437
120.14749776589957,22.991427488519744,39.417565074859176
120.14743974306157,22.991500425569136,41.89321659912109
120.14736245123918,22.99158941882328,47.9521714393305
120.14730440268094,22.991635455301967,47.75160962979244
120.14723617547469,22.991695939868638,50.26154242772707
120.1471669403655,22.99178228505569,57.75962500631471
120.14709847763267,22.991848597843155,60.46676151954623
120.14703425461693,22.991960694268162,69.39450526615252
120.14699387524107,22.991873679664337,47.794204767769926
120.14695363742712,22.99191333129209,44.4167189170883
120.14690556554059,22.99194814299014,43.84116583707465
120.14683898073368,22.991986300825047,44.341441594702815
120.14678332165228,22.992021682245998,44.76490281686006
120.14672814839531,22.992068311829478,42.46592760317754
120.14667170054805,22.99211420922137,42.06509272518682
120.14661436096273,22.992165796077003,41.13029916412466
120.14656376580776,22.992217612113794,40.05943392898598
120.1465377332222,22.992285052910425,34.59752866947538
120.14646330453431,22.99233526894903,38.07252786550821
120.14642337499909,22.992400859510933,35.121403735257026
120.14634111736721,22.992440582615263,39.96170394078348
120.14628101524019,22.992498845346113,38.77907154376924
120.14620986584434,22.992552511795814,38.13820086970748
120.1461365995694,22.992600698136673,36.796606940280135
120.14606302627327,22.99265816842185,37.61851857160188
120.14599597156892,22.99271103201429,38.06416255181328
120.14592692954449,22.992764892693103,38.54248887470943
120.14585910719914,22.992845304082643,41.60824246849537
120.1457848345521,22.992974802457695,50.648301098268334
120.14574008890219,22.992947419213227,34.872022828951806
120.1456626896249,22.99299410389211,34.8257891131624
120.14563450104681,22.99307090672158,26.74403290846369
120.14559893959915,22.993161593798213,20.843067865098092
120.14549951366018,22.993201980611797,27.6536054983857
120.14540721190498,22.99325153082594,32.61941070044956
120.14537257342835,22.99331181415235,23.942262819532466
120.14526468107822,22.993371075537205,33.40272196161828
120.1451867905172,22.993437709881015,34.68243815788581
120.14510879025684,22.993492402816763,34.64999108866785
120.14503566820001,22.993566900201195,36.77498526949501
120.14495658885035,22.993624068132437,36.69800278444724
120.1448990996926,22.993639106249823,27.644845391126868
120.14481955633438,22.993761949173575,33.67102416988491
120.14473686810828,22.993820339556255,36.695333167649615
120.14466446165855,22.993880772993652,37.91139181455432
120.1445792585579,22.9939405539485,39.70930870793861
120.14450917620395,22.994001071112745,38.999379859711226
120.14446358074754,22.994081470248634,34.553804223937256
120.14436711082797,22.994129789455894,38.46160187767245
120.14429554200196,22.994192030642814,38.754441111266516
120.14421901222858,22.994258399347064,38.46790292892371
120.14414233921556,22.994323577509505,39.024665996244934
120.1440670272998,22.994390623678658,38.580962835956385
120.14398884951038,22.99445840074343,40.07582541614112
120.1439092357907,22.994526748801665,40.23513487800596
120.14383582813505,22.99459941184454,39.488404861118866
120.14377081726481,22.994658687933704,37.90521456548659
120.14370842687289,22.994717455877364,38.35722091989124
120.14366289036577,22.994762239596565,39.99614672993662
120.1436376764339,22.994815071357706,38.15636401013792
120.14362405422096,22.994875332601353,41.6887349534095
120.14364094156056,22.99487999644146,37.95847141150181
120.14368136475404,22.99493081313184,38.99137732953339
120.14373567165376,22.994959345799558,41.65817298052352
120.14383102638152,22.995036198855317,49.88905917390045
120.14386454225438,22.99507072538475,46.82873097029319
120.14390894751091,22.9951181943059,46.640694554894026
120.14397476927937,22.99518822640523,46.3831673996513
120.14407548143971,22.995264575396483,49.10108911827027
120.14411923397645,22.99532121474154,49.796391686959424
120.14421761211723,22.995399458582796,51.677212203256644
120.14424108723708,22.99543638539243,50.19019966556335
120.14429668814168,22.995506371182223,41.38420536519783
120.14434606329439,22.99556564567402,41.848157884374324
120.14441844708641,22.995642307987353,42.83082466698161
120.14451398453515,22.995729038015376,48.18092839439699
120.14457119956393,22.99578129708295,49.98024513025563
120.14459331340888,22.99587125069742,43.150332362813415
120.14468492513564,22.99590893480566,46.06238567374474
120.1447264465749,22.995960588527893,44.523994686159945
120.14482512441694,22.99601327774058,48.85740270962123
120.14490930452959,22.996096295141463,46.64651537664797
120.14497775886623,22.996165912697954,45.82451002504853
120.14506009813938,22.996238243628284,46.47841561860155
120.14515864251541,22.996310159800004,47.52018124640457
120.1452287634526,22.996366900917813,48.95629577462502
120.14533355287516,22.996409916417033,49.438105520534194
120.14541808273844,22.99641022301135,42.45207421725605
120.14548115993715,22.99645351270451,42.164421299792494
120.14553400101758,22.99650098016235,44.547505091678794
120.1456025177643,22.99656375721916,51.70020501157083
120.14569317878315,22.99657041352658,47.0253903473713
120.14578754887216,22.996604286096204,45.64118528158938
120.14588242288663,22.99662885578487,47.49954910020013
120.14596152006037,22.996685342506527,47.84105355280672
120.14605355068733,22.99670099873716,50.04595097612308
120.14615186426325,22.99666370226021,36.589388079945024
120.14622909239324,22.996752509187054,46.55188454982838
120.14631179690024,22.996817141513123,45.65247564380528
120.14633917675062,22.996892417431898,41.79304716813237
120.14647616711491,22.996943285444463,48.06453758088122
120.1465473699125,22.996984462277144,47.35465420351346
120.14661357330885,22.996995669500176,50.287125788109634
120.14669488265584,22.99695345632401,48.33211574125862
120.14675567033316,22.99696744270405,49.5369510876923
120.14676342625636,22.997014147058916,41.117992244850534
120.1468195878633,22.99702410257162,43.40355641034381
120.14684761109889,22.997100760422462,47.89252905107893
120.14691036542645,22.997112909606738,47.28600935414593
120.14701161986417,22.997084106764685,43.69312435433209
120.14707485201909,22.997145435621153,52.084064174407324
120.14714319880594,22.99716668042974,50.73427220966678
120.1472197593255,22.997197590552297,52.25552255546489
120.1472898340357,22.997243518799074,50.78480417134336
120.14736721353339,22.997288624369222,50.56124400872472
120.14746255316294,22.997319297851565,49.99770669355165
120.14772021111604,22.997227562835477,70.62785072312732
120.14784990578292,22.997231416572568,75.70368470138519
120.14778924262659,22.99740769580086,56.65927082340483
120.14784717848704,22.997464802088764,51.5760106837846
120.14792234227744,22.99752715499089,50.85978981988418
120.14799881199069,22.99756709981302,48.21732019742321
120.14810751262988,22.997606662395267,52.29315567350962
120.14818552836827,22.99764766135213,48.26269366741621
120.14830092519786,22.997669586664998,51.12885381659209
120.14839296603957,22.997724210018475,50.24321091904937
120.14849018229712,22.997760218044956,49.85096022206487
120.14860154017322,22.997780088720262,48.5511386294126
120.1486986190421,22.997765255587197,38.19236924687134
120.14878994470978,22.997840286694323,44.451220653987875
120.14888351329476,22.997901368606463,49.08270562423874
120.14898890104438,22.997893042718513,39.32495879696491
120.14909956612897,22.997928003288386,41.091417939295965
120.14918924377648,22.99800471915305,46.6230477493459
120.14927965236966,22.998012593358688,38.846652367977676
120.14937750181217,22.998080570658537,46.80638004320586
120.14947471073731,22.998110869243078,46.454669128121836
120.14957788447163,22.99816550546396,48.43344271147947
120.14965167503857,22.99825686294127,51.841651904120475
120.14977246882464,22.998240051376772,44.237664707291984
120.14995259394077,22.998251501923587,60.142471264223346
120.15009744594629,22.998256393601295,71.51683878754088
120.15011696395617,22.99830704064126,47.884971184880214
120.15025536747584,22.99831006746559,50.64789245702655
120.15026748769445,22.99847703482673,55.18391005178158
120.15055664750388,22.998370980542983,77.24949332778272
120.1506728442288,22.998391096523264,73.72366539560448
120.15054845470934,22.998632805929212,51.27785968892165
120.15064582992173,22.99867852596398,53.929421796299394
120.15075094267604,22.99870022761093,51.336967644807345
120.15084837321892,22.998738396002445,52.148059778588355
120.15094729987881,22.998763384230188,53.56964219441622
120.15103427968742,22.998813422784156,52.88042909902156
120.1511155501317,22.998843460733106,45.95391463612911
120.15121452092073,22.998876168644944,46.89284941794974
120.15129635271066,22.9989181113171,45.684928991013045
120.15139377284248,22.998998788250137,55.496299799393476
120.15147245148246,22.999093050192336,65.42334785113714
120.15155526265198,22.999207148316845,77.0509368752077
120.15162614421085,22.99930902017847,90.03248919301375
120.15169981478415,22.999379020490725,97.91519979777499
120.15180357364422,22.999261040421576,69.52288930552182
120.15188969630842,22.99923953518986,60.61171121261683
120.15197752778919,22.999222223606665,52.06444618276292
120.15204198011554,22.999268913107013,54.51400387358949
120.1521169994725,22.99926668655607,47.0714614579452
120.15217679077756,22.999262477355,42.79917453151458
120.15222603440847,22.999275348218323,39.48555946285061
120.15227831769633,22.99929337473806,40.72248287512388
120.1523244003384,22.999352333046733,42.91611249248449
120.15234168596108,22.999378035888036,47.35653165156221
120.152369540664,22.999324918704808,40.94706260897985
120.15234754512868,22.999349697453262,45.67133971401875
120.15235367610973,22.99935165808839,51.28452625874576
120.15244940770529,22.999395155396645,54.1090214142265
120.15247445709718,22.999411734390534,55.64458221398945
120.15248956337062,22.999386714385366,44.716493745098454
120.1524508894428,22.99935920915284,40.34075455269587
120.15253534145747,22.99939940207689,35.2216181641789
120.15258207270088,22.99944366358596,39.66625227226649
120.15264948057018,22.99950248588263,46.37843336186754
120.1526889379031,22.999490890925852,40.52920255502913
120.1527926013862,22.999579124307733,47.74509874074666
120.15282226183311,22.99962963756715,43.313938511948486
120.15288952408905,22.999627096249462,44.79522508960995
120.15302313080744,22.999695660480523,52.80282684144726
120.1530552724133,22.999699923386974,50.10148536102828
120.15312876230838,22.999751373580967,50.34500761993985
120.1532702676692,22.99971091952014,58.03843482316842
120.15330871925501,22.999753517747383,52.046772337254886
120.15336953350916,22.999799295609634,50.124737284193266
120.15341354127935,22.99985725676382,46.35772497891606
120.15350843981379,22.99989029547395,51.50136502885629
120.1535847624306,22.99998521600132,60.92137081601395
120.15365831381501,22.9999953947445,56.672065417388374
120.15374412443134,22.999985473411712,50.59631939738568
120.15383113847633,22.99998778247444,48.37586464385949
120.15393697754858,23.00002280029281,51.00169063961986
120.1540241603483,23.000047823186446,46.99724031166499
120.15410753181988,23.000099602233682,48.709465792658115
120.15416931251707,23.0001848329228,56.98158987725803
120.15419970286106,23.00031388148591,65.85911251293498
120.1542894698314,23.000330773107326,62.62576355693783
120.15437988378291,23.00026944060044,45.93095247320005
120.15447126134842,23.00026968465044,37.691527598704575
120.15454364843498,23.000371735055307,50.82810949509359
120.15462726457262,23.000381143912747,44.56595842898346
120.15471019430795,23.00038447536426,34.93945169327189
120.15481055714213,23.000422589921982,39.44868438441368
120.15488334709174,23.00051757009427,49.766755373304974
120.154940841022,23.000465337893456,33.51021647007902
120.1550617780515,23.00050286440571,31.864562788858837
120.15516040103141,23.00056369272114,35.37364994419265
120.15525739358063,23.000613267819805,36.489729701369605
120.15536057873909,23.000625316731433,30.626836073614516
120.15544404849132,23.000683606169144,34.3959465835203
120.15557594015145,23.00072464208283,35.024396749706774
120.15565300207162,23.00081763711382,44.7776664111565
120.15572139827442,23.00087717369882,46.218909054011725
120.1558043730976,23.000927571574085,46.85723427550281
120.15588561828675,23.000967552492813,47.094870565559916
120.15598824709662,23.001031758166846,52.66850897667841
120.15598588711252,23.001002086282785,44.36712479287006
120.15613031410034,23.001083660042152,46.742760531325025
120.15619957374213,23.00113191181512,41.453051300124905
120.15629335321793,23.0011662897168,40.88552512671931
120.15636441238246,23.001209421582026,33.7150762481681
120.15646318377544,23.0012343976671,46.95330984289473
120.15652532466892,23.00125455513142,33.0172891690207
120.1566368775278,23.001293099880538,35.5888330142536
120.1567298799413,23.001340142311097,34.171984226872745
120.1568216476315,23.00138179465477,34.65815106134079
120.15689024201387,23.001454947815166,31.211901797881954
120.15701556594547,23.001474141857837,35.28481714981432
120.15712689056747,23.001504279596563,36.08092438555452
120.15719008022543,23.001567022917477,34.11190006829357
120.15727457719318,23.0016057462596,35.40334254913406
120.15734886087509,23.001654106003354,37.085180997783695
120.15743299471072,23.00167438195856,37.519082830107145
120.15750257135564,23.001727603927378,39.95608824476531
120.15758030610357,23.001755135283794,38.51552284186382
120.15766128938783,23.00180095152969,38.68292655754746
120.15775937759614,23.00179687582509,29.93944953375267
120.15783967413697,23.001833176813022,31.748238978445112
120.15791747379093,23.00187923908591,36.03351476675271
120.15800183993392,23.001882924458897,32.34640599795825
120.15807856444341,23.001919047500937,35.088952975205444
120.15812509275119,23.001952869830962,33.95497288917507
120.15821961726924,23.00198594218588,44.286131081596785
120.15831050940514,23.001992394104818,45.16808305236868
120.1583878661375,23.002041560438773,48.1923122803393
120.1584639833461,23.00208985148621,51.445101554029236
120.1585235952693,23.00212609428946,47.8998821935261
120.15857684003804,23.002168249185424,49.58887465365349
120.15865231535614,23.002177054654968,49.64550736079724
120.15872361136084,23.00220102494366,45.10104828339649
120.15880206012454,23.002238704045155,43.910879674124
120.15887855548962,23.002266845750906,46.88789675466815
120.15896326325723,23.00227898002929,44.79815609940747
120.15910345644545,23.00227151036683,55.654966426377484
120.15915044449406,23.002313909572475,46.58339415218151
120.15920416748502,23.002369993911397,42.606427589970124
120.15929249444848,23.00237087013843,42.70089622069544
120.15937656941018,23.00240855542346,50.676451245040354
120.1594728490961,23.002422646196674,53.96122663814945
120.15953919754064,23.002425799948945,51.049060311400225
120.15961727738956,23.002483074409962,58.93401564982335
120.15969105380866,23.00248882056015,60.74724162443538
120.15978891912714,23.002531824025986,64.92292148647849
120.15992280785657,23.00241812938194,41.933671529525384
120.15998110044254,23.002611372152032,71.66000558993996
120.16005265397352,23.002599975922866,63.620644580766466
120.16013926308278,23.002539095062048,46.31233202816073
120.16021486463622,23.00261903967201,55.144990714691666
120.16029661976427,23.002690098477792,61.10336955155185
120.16040850358836,23.00264844852802,48.55724641018864
120.16048679164686,23.002757048193068,61.90736069570042
120.16057908962506,23.002761983494693,60.39658555983775
120.16067138472044,23.00270128102388,47.59436318974788
120.16075031416666,23.0028035423452,65.13762035690483
120.16084248886021,23.002740834147108,53.37309486394283
120.1609656559359,23.00279485428281,62.265603188758675
120.16101715092849,23.002948715515487,88.16695555840487
120.16111590466397,23.002961345931762,86.08547512134007
120.16118960754767,23.00289176802659,73.54815909801107
120.16122577242352,23.002899770007744,77.16435180185383
120.16126691847691,23.003008341281465,100.08659054332473
120.16133741337912,23.002931333831004,81.4941919790783
120.16148102679921,23.002788280831705,59.13116908358419
120.16156574647438,23.002786033472752,57.466543009490955
120.16161608884855,23.0028556988433,68.73536578650352
120.1616939493597,23.00286541216239,71.14909042606479
120.16179645437448,23.00289848335073,67.32403748980674
120.16189393129717,23.002912856336202,62.290461387892016
120.16193528776711,23.002958552145312,81.13279278603515
120.1620171406505,23.002975163433245,86.92854743576721
120.16212387945744,23.002873758009635,72.26439080097192
120.16214085703544,23.003065250323036,96.39282222393267
120.16217925206873,23.00317213784995,117.77967617118871
120.162249211366,23.003078937523412,106.97677313368865
120.16230780387906,23.003014742623265,99.47681526785361
120.162384377102,23.002875340976953,75.64714364648307
120.1625238651965,23.002859637886285,73.90489942827563
120.16259408510842,23.002812300811247,62.58361296906151
120.16266009913411,23.00283842958443,63.047154804704796
120.16273570516837,23.002852012706093,65.6705181419658
120.16283275908407,23.002782935055443,56.37738479899485
120.16287627315307,23.002773883474603,51.6986262357978
120.16298316270193,23.002708238222336,50.44111150745712
120.16306756481038,23.002699011281223,49.11105321059758
120.16315800522263,23.002663620931784,45.97969522932152
120.1632462425071,23.002629095035704,40.33802734007984
120.16332824762256,23.002632347751984,43.356778321096044
120.16341659433898,23.00272608118429,65.43698474215552
120.1634509307276,23.002641839832695,60.582612882429274
120.16352472216502,23.002541163269445,45.552810611121856
120.16357288700085,23.00264403771006,66.33067580325965
120.16364349059009,23.002629050565723,64.12227851029712
120.16377506144674,23.00257501615661,49.87220371071488
120.16387282814871,23.002696037182467,71.21604792023653
120.16382126238871,23.002654522776083,71.55780453799446
120.16386764908349,23.002601641943627,65.56304768257392
120.16391235682356,23.002511827026265,48.32702610987266
120.16390723755876,23.002385398241895,20.38876273087754
120.16394262321552,23.00250356790298,51.11344120323337
120.16399500561333,23.00244851563618,44.97339388113822
120.16401177677722,23.002714442088294,98.28244527825746
120.16407955714985,23.00243163137542,52.54224088972531
120.16402431774398,23.00248776113839,62.894862629067696
120.16414442354638,23.002457429221444,58.53724464248541
120.1641166906755,23.002378126800014,39.48436493728742
120.16414945654039,23.002367082926575,39.05488192358456
120.16421262455972,23.002400516368503,54.50297918279327
120.16419789630035,23.002544559264035,79.32306789196551
120.16423495952297,23.00242683117858,58.18279854247093
120.16423368117933,23.002463847640342,61.42166642976988
120.16422678095134,23.002530950560278,70.90108354650474
120.16420462780151,23.002568817268784,70.19617410905452
120.16424914566944,23.00254739608768,72.37209246419113
120.16426893449143,23.002506471182073,62.29857550372395
120.16426787361439,23.002576230004223,74.72561908417737
120.16428247389034,23.002553513301315,72.41476718587684
120.1642918782033,23.002520812947562,56.27422412407586
120.16431716220137,23.002525956239005,47.13594650889847
120.16435224603387,23.002567395474003,45.33445656014103
120.16438671540654,23.00260206222242,42.24592061032771
120.16444513143166,23.00262456189361,42.130812363156345
120.16454624169627,23.00262033311805,44.918672844854036
120.1646294147667,23.00264827535235,48.85786685227439
120.16471262803715,23.00262565874692,44.31384263578669
120.16478985425107,23.002619375224164,44.54374044297757
120.16487924970804,23.002610523201547,43.43001998489446
120.1649769701839,23.00258918075962,36.40896467968788
120.16504015585913,23.002702698844136,58.98355059560043
120.16514133833073,23.002663042932245,54.48636795684562
120.16526963776727,23.002622634057595,55.253611111727416
120.1653677502737,23.002619235126094,60.48991849021558
120.1654392415574,23.00254960847677,50.51779107959237
120.16551267051366,23.00248383348221,47.23067371857309
120.16559336757396,23.002434004837152,46.46429417733853
120.16563376475547,23.00240481929658,45.16507493895734
120.16570077453143,23.002398024638236,45.161219612468905
120.16577527241812,23.002416492119156,51.75516643389335
120.16592042200068,23.002337793597246,50.360933347981934
120.16603908120103,23.00225696868161,43.62693438275798
120.16612201976385,23.002315455415815,64.037761733809
120.1662543150403,23.002355515532457,76.65395254149844
120.16640172266284,23.002461405969214,93.80738572942246
120.16636804593972,23.002097347950535,33.21805009808809
120.16647260782167,23.00229961040281,59.93093433210773
120.16655482505595,23.002136924250692,44.922022904459276
120.16671290670014,23.002281530739598,74.78029945042896
120.1668400239747,23.00209265134631,47.83164136405621
120.16694298720897,23.002130712873203,59.312866095593456
120.1669621600936,23.002302269025247,85.19029896690287
120.16703951218707,23.002152339186644,72.58782398566659
120.16713047783486,23.00219569023717,81.66026498048492
120.16719361655717,23.00205725816,68.44015494651241
120.16729033957697,23.002083125060583,79.05274649297859
120.16742172280543,23.002192089003287,104.57526651544768
120.1674503102802,23.00201939748608,78.69053427820177
120.16750131045875,23.001917002443175,65.39872340905214
120.1675487292842,23.001835052039343,56.48372064309518
120.16770565002314,23.002053053123724,93.73927745828381
120.16775870534651,23.00189932407714,72.53046956408647
120.16772927034441,23.002172740156695,130.01434660301035
120.16792021811015,23.00209940924966,116.10790099574443
120.16798302060205,23.00173482510345,54.52535992289288
120.16816093740483,23.00170339457484,46.23363648987158
120.16815740257364,23.00173281305512,61.507808898109204
120.16821808978129,23.001717615918277,65.95793616651719
120.16828826396711,23.001606185418037,63.941969924510154
120.16844384893473,23.001839929275903,98.6407790514038
120.16853274176228,23.001905509938542,106.24829473169324
120.16861033557853,23.00172420578468,84.96741286484908
120.16875973339367,23.001800330248063,109.54689974597405
120.16874279449614,23.00144281782261,55.44133424572098
120.16900036057136,23.001328694160122,48.37984311282035
120.16909410173082,23.001284896793468,46.2870721696685
120.16912046322034,23.001208847794622,28.682652465927713
120.16925158703317,23.00122607080321,41.58279607749834
120.16934456369846,23.001381950509046,73.65083448117618
120.16949126593215,23.001298703898872,64.62380966213959
120.16950696354715,23.001047344001314,26.95858558869911
120.16960156216332,23.001051465611564,34.26384407981887
120.16970065748177,23.001013962655932,32.84260191526808
120.1698002645413,23.000996275573836,37.19688655708695
120.16989683485723,23.00097478331292,40.137197438429
120.17001150149103,23.00100209668416,49.08611818576764
120.17023005073293,23.00117694309136,92.58767110676428
120.1704458045004,23.001088140158963,76.26279960207317
120.17038770040709,23.00090278232441,57.15776342318508
120.17047658316883,23.000833501236915,51.01859545730091
120.17052119179091,23.001076204915535,100.96300721293498
120.17068381022204,23.000721459473418,44.42904432626804
120.17071275400141,23.000912278222682,84.88396771616608
120.17090204472652,23.000916309908852,86.75105865943304
120.17095466018601,23.000746104627112,67.23160667493379
120.17102439362682,23.00063316050983,56.38318692178306
120.1709218078305,23.000474125720892,98.0726862525143
120.17112782774014,23.000518619238576,76.90419491650609
120.17123211587956,23.0005118989651,77.19975794726385
120.1714349961461,23.000573784709253,59.66718153143543
120.17131934041447,23.00044106189256,99.73130021691436
120.17161839904357,23.000491264963852,59.740959819705886
120.1717059181502,23.000454268659706,59.64000259428037
120.17178130658235,23.000432286991035,59.01322291955226
120.17191818987733,23.000291301429094,44.90152130449214
120.17190387309974,23.000205602037198,61.447928471101854
120.17204348907607,23.000179546331143,49.106101758328386
120.17209617699176,23.00016862389188,60.403308407188206
120.17218824113785,23.000163270657243,67.14533881709046
120.17226285331616,23.000166209185156,79.50903567663069
120.172417578986,23.000182956157975,66.43746609023148
120.17255536731832,23.000181281690413,61.73546843942873
120.1726359021157,23.00015081487538,67.25291598013762
120.17272705482027,23.000147803703207,71.38247387023799
120.17283937569616,23.000128844005012,65.22723274242354
120.17289428538187,23.00002627225726,69.5803579024115
120.17300227321806,22.999968971436143,64.90811177645382
120.17309200442985,22.999931813362142,61.810887677543136
120.17314944768606,22.999918980981473,76.82274857571328
120.17322482421707,22.999939870475142,71.09236046271835
120.17341294838874,22.999914771224926,65.15390975956507
120.17351549651981,22.99987138091805,64.01447729362384
120.17357818823307,22.999826265364856,67.06476488357983
120.17369589509849,22.999853187110734,71.38759431746783
120.1737848428439,22.999820672974312,74.92402033524898
120.17394703453708,22.999711369539533,80.31074327233763
120.17404754579901,22.99966227523642,72.78569021515871
120.17412819478835,22.999664040530256,66.99486038432588
120.17423293675691,22.9994892233175,47.587615475815724
120.17438004895283,22.999592039096004,71.0329850428256
120.1744068401153,22.99936474570335,40.17983523032809
120.1744882192121,22.999331381726513,35.97882082890865
120.17460779631031,22.99931954382704,39.645306654675714
120.17472182213118,22.99926661060457,40.397740567999925
120.17480782872447,22.999187975523142,32.132004159804964
120.17495268342144,22.999435066555193,73.43761955864804
120.17503142924691,22.999246298961776,59.25446262419838
120.17516171273023,22.999506270948974,102.8003374012425
120.17510586332287,22.999110418702426,28.39802982048545
120.17542462623726,22.99976452566882,141.52199797425996
120.17546705337914,22.99961858360557,115.95125712187317
120.17549258001713,22.999196218773143,45.09068693247475
120.17562564532906,22.9994473100251,84.01991297431867
120.17567096291887,22.999379474942035,73.41599404226729
120.17572702401394,22.99936969703515,72.31322006398952
120.17577680356386,22.999363841216255,74.31952041433075
120.1758817840417,22.999491455776106,98.00476383888918
120.17592873316909,22.99952435762459,101.63619093221651
120.17583653325354,22.99914103213699,37.30898965201582
120.17589794505783,22.999191580710125,48.53226809992377
120.17591028571285,22.999147699405384,41.76564567540976
120.17593924656872,22.999191421316194,50.10047916850975
120.17595460859994,22.999200838151136,50.37919695650494
120.17596826108502,22.99920263051288,48.53348967481989
120.17596102897652,22.999223541427014,47.00657465229895
120.17595178013484,22.9991481893415,38.658843452807766
120.17600615736133,22.99919781779166,56.681209619751634
120.17601828320284,22.999267075724696,61.57943699149187
120.17602728019206,22.99929297148292,66.12769818841959
120.17599802299449,22.999283970453202,62.6922725951899
120.17602520494655,22.99941579142661,80.2420879425607
120.17599988931015,22.999234817136976,51.27621506247444
120.175942466154,22.99909867098112,21.550167828127684
120.17595878412888,22.999259778885914,45.268012983924415
120.17599020615015,22.999349391916645,65.42475899472929
120.1760280840615,22.999437581637583,81.22610539422394
120.17601893054345,22.999365414083186,69.22955889556877
120.17601268644115,22.9993986059006,73.19717260571137
120.17601692366534,22.999413219509403,77.90346670206982
120.17615993813176,22.999822923307622,155.08209391723375
120.17613754495939,22.999752561947272,144.34520153406794
120.17619546397435,22.999788520171123,158.1877333110805
120.17604832349,22.99920988208086,56.77622398116382
120.17606746866092,22.999255566066317,67.13171247687504
120.17602336923038,22.999189484076297,57.07248737578846
120.1760488237778,22.999209459906233,54.5201011252843
120.1760551828677,22.999228481732686,56.84501192026745
120.17606974726263,22.99940940947259,87.05918350160593
120.17604368494648,22.99923919379273,55.519471111380064
120.17602208211571,22.99915624241914,39.860247754665735
120.17606212368847,22.99922383664877,58.174044401475996
120.17605797392102,22.999305442438843,67.39756416604232
120.17606878775234,22.999339798047526,73.51781580097372
120.17607266110663,22.999356594426647,75.66083057717255
120.17609390578092,22.99937401745414,85.86163517430278
120.17611736430098,22.99938909519744,94.55144791954103
120.17610332727907,22.9993489762637,86.53075382141891
120.17601889769423,22.99908849336132,41.215731783100104
120.17604323597712,22.99923983128151,62.55849291042398
120.17605069043408,22.999329636845413,76.44968585570786
120.1760321359842,22.999342342219517,75.98386939579532
120.17602260347932,22.99934131894013,73.00881775429987
120.17601659899125,22.999313197480408,73.64825474095909
120.17611578333711,22.999389008353756,48.259375825869
120.1760523877236,22.99927946280524,47.74442735556831
120.17603627810946,22.999326930144658,51.690575404611344
120.1760239646299,22.999297905541304,53.03013215450759
120.17600711083517,22.999273195409533,49.39560649761855
120.17601885827932,22.999235473795636,41.22296459770997
120.17607519346453,22.999189961858015,42.61166054174709
120.17613419960217,22.99919605526797,42.90864363763572
120.17620545007814,22.999223672205833,49.84617310206475
120.17627647157296,22.99922075960282,50.362186148371926
120.17634769114144,22.999202867409505,48.141297025860936
120.17642100139784,22.99916704547376,42.07470962140984
120.17651206122191,22.999153610529373,42.843495320555945
120.17658733742735,22.999178428874206,46.31643892535198
120.17672119894367,22.99922368468671,60.21594594099207
120.17683378876333,22.999231689865972,64.63398798914454
120.17695799112654,22.99919390983225,59.96283949994701
120.17699457904865,22.999129296033093,61.27649648951124
120.17716917895662,22.999144588844654,41.11368031035455
120.17724704128914,22.999139577054116,39.000423167401216
120.17721668238644,22.999106517748388,63.929417380388685
120.1773633695958,22.999103640111553,51.60955029411298
120.1774582350502,22.999093649251066,52.25718495291424
120.17756761706097,22.999073740736332,49.672163196833864
120.1776992455555,22.999009082246936,42.02922059248448
120.17776676236903,22.99910710222088,52.85334376467305
120.17791055022302,22.998980533507083,39.85447154009459
120.17798948818385,22.999017464572002,47.02636174023987
120.1781128487877,22.99909838219388,72.77406266368942
120.17824102328436,22.999067494261375,78.02391657920523
120.17828500922353,22.999074621366493,68.99177015584242
120.17840115639004,22.99911280250689,78.8148452130351
120.17838814665079,22.999142636426846,62.67480113609254
120.17841373809628,22.999235327610993,58.743514284529134
120.17853681185828,22.99921953141982,67.40274079406811
120.17866367966205,22.99918128399804,76.52718280953297
120.17874647386279,22.999337440549144,90.13194295950265
120.17880505907108,22.999257891606167,62.938926061393786
120.17893464547481,22.99933897634414,75.28633989456021
120.17894303234876,22.999217873760347,57.77966337767194
120.17905381774165,22.999418267403353,67.48346568635081
120.17922243729434,22.999312570373537,96.43311294963043
120.1793276305291,22.999264468595882,92.15647703331095
120.17940944106284,22.99919809089731,70.78660228790339
120.17956181278116,22.99936265158708,91.45788154829917
120.17954474072359,22.999187357163876,76.67280570684555
120.17957296620344,22.99914247627129,86.69281671956382
120.17959509595998,22.999108498139403,98.99152245125256
120.17979112782936,22.999104540424,71.49033234015847
120.17988145255379,22.999095714413265,68.71127041730126
120.17999221571176,22.99908126214273,64.48861005600412
120.18009744316475,22.999072094281505,60.88892659906429
120.18019590825621,22.9990486678878,56.39871072498717
120.18037740407239,22.99907705308922,62.25767207903302
120.18044909940133,22.999083896323285,65.99747938286673
120.18055102859613,22.999083089786378,68.0235727923213
120.18065470335115,22.999097674576333,65.981513709709
120.18076378237394,22.999097067204964,59.450782355211786
120.18088306627988,22.99910171068175,51.27169015009675
120.18094852883551,22.999135387333027,56.2532980075899
120.18098754549302,22.999161865801394,65.93065524426386
120.18110785837005,22.999171702812514,54.426925477116804
120.18123143317042,22.99920148044784,40.15486981729684
120.18133314887923,22.999119279607612,55.36407422924696
120.18143739763065,22.999120953712396,58.15040524670599
120.1815425983123,22.99911658129458,60.07294141609243
120.18167062541006,22.999301275305704,96.88370796127207
120.18173186304749,22.999199737306387,78.23086586989997
120.18183014733455,22.999171447828655,64.73505633194671
120.18185710890565,22.999098678477754,63.7619421066083
120.1818793807851,22.999086904844678,78.69816931012377
120.1819939552643,22.99910612435617,74.80909606406068
120.18212391640756,22.999129494388548,70.69839076484863
120.1822362572755,22.999121472993924,70.16900223954237
120.1823272628144,22.999107237877407,67.86330238434088
120.18240441566951,22.999119845977184,67.03660089291026
120.18249263334617,22.999101082074105,64.28760030460256
120.18256625300002,22.999091023963953,61.48522959298283
120.18259501846764,22.999121799945076,83.74526940092385
120.18270839477093,22.999117839545278,63.677398071050106
120.1828852449879,22.999121406161,40.46847684392998
120.18285191760572,22.999087239876904,57.25040844406579
120.18287606219148,22.999062318975028,63.76289929197928
120.18300342696135,22.999077445829233,51.647383565286376
120.18316314320695,22.9991273831559,34.71969406318611
120.18314277389833,22.999100136364582,55.139664669726095
120.18321015377104,22.99911048432753,54.98292800440672
120.18327806269605,22.99911265362171,55.246858172787725
120.18333741205001,22.999118043400852,53.944457373779905
120.18338900419914,22.99914979303417,58.372663273871545
120.18348343721944,22.999126097766514,58.6130184336401
120.18353945307025,22.999069148170612,50.55305173067162
120.18363342354503,22.998870021985123,20.03175189584528
120.18367577863745,22.9988908900735,28.24276690039637
120.18357939598225,22.999058194053084,36.625287586519335
120.1837097351381,22.99892465710239,38.15140929912844
120.18367826005722,22.998992373585338,44.40054640798453
120.18387047198819,22.998681746413,20.36862516866732
120.18385297713714,22.998731390185924,26.544555255634343
120.18387151842131,22.998711151219247,22.795927031172326
120.18379675997741,22.998793325669617,13.896216334818986
120.18379452914634,22.99896266459558,49.47533153016515
120.18382804302517,22.99883991323363,29.53621771332931
120.1838991272095,22.99878608325343,38.50634274384213
120.1838385315696,22.998909678422926,45.42289342600725
120.18382291329516,22.998940689962634,45.88982879782858
120.18376918714523,22.999030077797546,44.032255437522124
120.18386170255485,22.999008239145166,53.662845414152535
120.1838594788596,22.999028481330235,43.979667041765246
120.18396083753784,22.999022548177642,56.71010185550829
120.18387556303364,22.999147314230378,42.445679535374275
120.18396718062795,22.999143589728423,45.63139177163861
120.18409281305767,22.999108631643704,53.31865686962263
120.18415539834939,22.999142283226988,51.687108604667195
120.18425915881252,22.999133450274,51.438994903235624
120.18435548158477,22.99913809263468,51.06987670854386
120.1844664376511,22.99913479038069,51.587862902306554
120.18457969337477,22.999129329484635,53.96785202658055
120.18467494132801,22.99917467068435,57.27925900223891
120.184777614597,22.999277323682016,64.43891678385525
120.18490385345827,22.99925883695211,67.23433944053683
120.18501335425583,22.999171424806384,66.57096475983751
120.18508722412989,22.99914156573723,60.4422343880467
120.18518972731805,22.999156738403364,64.34429966294134
120.18528573826816,22.999145650008934,62.52370206266734
120.1853735124529,22.999113614018338,61.2326841128182
120.18544942484847,22.99909695262751,60.59462449223863
120.18552461057543,22.99909893570412,62.889685075381365
120.18561267901103,22.999073869215252,59.29001246194284
120.18569047914096,22.99905531158734,58.700393183980324
120.18569441696403,22.999107345883253,50.2419846296628
120.18584778332361,22.998996756782578,53.343390000097045
120.18599141548513,22.999198996408,85.02229508313705
120.18607477943539,22.999195916062657,82.83419537999845
120.18614728674132,22.999184757644848,62.65096742772211
120.18621718592682,22.999163830670568,76.4471160171386
120.18630265548175,22.999077404599554,60.84816497773577
120.18640892305169,22.999118973695722,67.98565298470717
120.18646665494815,22.9990500440046,60.03590513780125
120.18651365833867,22.99895560514934,46.29658613258407
120.18659012577879,22.998928972144256,44.44910876113925
120.18636858294381,22.99886180001485,120.4526219920482
120.18639951615023,22.998863888440024,135.43493428848694
120.18650131386057,22.998890193131135,135.50065065603067
120.18678950696729,22.998950230029564,90.29167969948318
120.18680187372483,22.998980097812293,123.92554631681246
120.18708797721902,22.999099064035573,102.52874125869047
120.18719081682617,22.998952291158112,62.04944969922421
120.18725061032302,22.99897998491404,65.28193633206385
120.18728619090768,22.998976010127777,61.99567461284374
120.1873441097871,22.998952794588774,55.41339792558135
120.18739635322817,22.99896795596621,56.458311828904826
120.18743835841389,22.99898605777652,58.915071351186356
120.18745575801341,22.999016482240958,65.16618142140308
120.18753942136408,22.99903285470329,60.70255670590412
120.18764722141738,22.99901245531253,60.120073502476814
120.1877348610647,22.999002919925594,57.44712300382436
120.18781714952314,22.998998766019486,56.19038397977399
120.18790039832776,22.998994633200624,58.109796299104175
120.18795533062317,22.998981535624452,57.252690893608616
120.18803173439677,22.99902952402838,50.797668723514505
120.1881067453525,22.999057147787408,57.48285933049399
120.18798112673977,22.999005694687405,104.81247264139108
120.18767145885366,22.998907858197633,190.51856086378857
120.18756099405974,22.998851522938754,228.13298665895366
120.18770584745027,22.99886323929637,209.0732618293099
120.1878493544828,22.998867717105206,185.33453331603667
120.18847620064953,22.998986215291485,47.000493320776
120.18817299964707,22.998927833535436,136.6610243699663
120.1881806634481,22.998944339069613,148.9250695944526
120.18824503916073,22.998918224290787,139.50178521107125
120.18825489886775,22.998909847768726,143.71192871883375
120.18831050813682,22.99896420523304,139.4321344393593
120.18848639780768,22.998966712222515,118.16280693415678
120.1888302234207,22.99897507228391,56.47130902148184
120.1889051736942,22.99900849356805,63.793482070820524
120.18875185372542,22.998957525893562,125.054905772206
120.18875103992477,22.99897453861082,142.6638958337385
120.18874698117753,22.998946377172672,163.5309935214026
120.18898516978909,22.99893479850606,153.8778510992428
120.18902232144116,22.99890278677382,153.23150472009576
120.18917438501052,22.998879836329174,141.40184373017186
120.18921839268417,22.998959947061042,123.49154856454396
120.18924174462788,22.998891878914304,138.27304133852942
120.18950531282287,22.998914691139003,105.39189017710905
120.18958288281101,22.998900857268122,102.89781016310725
120.18960514133774,22.998799171802396,99.84588174030152
120.18965094036294,22.998857719872532,123.73653269386135
120.18977555940273,22.99882120690556,111.30267270941242
120.18979707316272,22.99876294917032,111.98584415039366
120.18968270512194,22.998566064169054,102.11911337220265
120.1897487905415,22.99844064744433,87.19206569058386
120.18970729368162,22.99837619478233,68.57421017412844
120.19039622669779,22.99806910993758,-83.39388831536469
120.189914080726,22.999127104106083,235.46397160746807
120.19033813588071,22.998621530500024,66.44533769591638
120.19035002390103,22.99872156482965,70.88270347791678
120.1903955637429,22.998765540305122,74.16058292722593
120.19030708833802,22.99901551357843,45.10886051100875
120.19040223495257,22.998935711621318,13.609511769845655
120.19054483736886,22.998845468926067,18.736347742947814
120.19058488990812,22.998928948637204,44.46813629341024
120.19070109358357,22.998832146417882,46.89105396815086
120.19071307180565,22.99896561147459,42.46385494254053
120.19080661079421,22.998962938970905,43.338971171823005
120.19080672489473,22.999060475112728,33.5488027944678
120.19088813471757,22.99906922271793,43.35084460000671
120.19084956137303,22.99915596745291,41.96929650510122
120.19094218429053,22.9991346898819,48.915576747890384
120.19103228644373,22.999095118050352,49.674696020442745
120.19099004720188,22.999208632845278,37.29017419583859
120.19096614407763,22.9992743780209,41.17501448685087
120.19092260136112,22.99932769451583,45.407940327416455
120.1909086017836,22.999337412341518,43.96171270704804
120.19092571762224,22.99930966570844,37.10226754036743
120.19085279979922,22.999508452211685,56.51332264572884
120.19079066327866,22.999659553492847,48.09996305425826
120.19091628000521,22.999474710217815,57.098556121717046
120.19092466408873,22.999322825195346,47.16220485667947
120.1909804521409,22.999214857817474,45.838761778871614
120.19092312100099,22.999319902664286,38.607464463724384
120.19108103080946,22.999226938950617,50.96469663528442
120.19108456506413,22.99925401237944,48.876568967536386
120.19108513840781,22.99927552018515,45.34371654508415
120.19122093373706,22.999327367250228,50.043989515527166
120.19127746447278,22.999454205288583,53.32158625872078
120.19124933967828,22.99954030542637,39.64231151162048
120.1913558302709,22.999560680403633,50.72281224312632
120.1915158088628,22.999513643903423,58.27578149518451
120.19158850147083,22.999535998590407,58.24625139017883
120.19152939216038,22.999718854035024,49.90026783532183
120.19165007685368,22.9997519954029,57.63541230328325
120.19168518973719,22.999788789601187,51.81064506349784
120.19179179983585,22.999806406309133,51.70665070890839
120.19185393521563,22.999866965677473,51.39975947148339
120.19195712059651,22.999889944276784,55.962345322510615
120.19207927695255,22.999871119339215,54.854165546022784
120.19214208085121,22.999932913881025,56.214111364859015
120.19219331147386,23.000000826392146,55.99019156409208
120.19222563819893,23.00012924949616,57.42521478906169
120.19228482951002,23.000180578306978,55.84501404027194
120.19235806577231,23.000239578977475,58.1171493288711
120.19240263184993,23.000291210387424,56.376322764487156
120.19245055940382,23.000334645711096,52.673718883127556
120.19256369848944,23.000329652732884,51.07419736945041
120.19261875851076,23.000474510280345,56.195536783230224
120.19269973943297,23.00050053968183,59.74507578599986
120.19276962038194,23.00058135165177,60.11161488408508
120.19282414741333,23.000645627025733,56.11617226753994
120.19285157812178,23.00075222046002,50.72211104372634
120.1929342799885,23.000756263168537,46.846461492589384
120.19299429918998,23.000838658413507,46.17175778445624
120.19312479269011,23.001015009919985,45.46775201752238
120.19322115998291,23.0010631243828,45.430714777037934
120.19334407172023,23.0010532052074,51.2439242868617
120.19340548888603,23.001099213609645,48.655189805745685
120.19348780385532,23.001183802421476,53.98621798017332
120.19353030327211,23.001307722650953,55.381598356654735
120.1936276205045,23.00129075232975,51.19002668444201
120.19367902982,23.001349154011326,50.28079753595412
120.1937498259366,23.00140404151777,47.10312611749138
120.19382509537111,23.001422426922943,47.38382035035844
120.19390771609497,23.001457133836297,46.893037330278844
120.19396984519074,23.001526525665362,47.19774270879309
120.1940333711436,23.001542042755858,44.40370062261003
120.1941078708821,23.00158918540834,47.74923589243407
120.19427101118738,23.001652063155866,45.41256027483594
120.19438572682317,23.00168148357317,41.91364947789118
120.1944027102651,23.001748500128862,61.56788570940779
120.19440539687763,23.00181482825119,91.84447249881312
120.19442469888459,23.001851740046515,108.43787728402609
120.19474854871214,23.00190687583382,94.83436246825504
120.19488281915784,23.001885918673935,76.64220089491126
120.1949863904037,23.001857483616707,75.42753985922413
120.19505851848375,23.001865238888062,72.84826497184108
120.1950879512811,23.00186279114621,65.52860637859887
120.1951323308219,23.00184499797829,62.19877779744682
120.19515585772345,23.00183320104708,57.21621379192851
120.19520506903007,23.001813166792285,58.032898507733236
120.19529807452466,23.00181156578532,65.97711417679632
120.19540304551768,23.001906084736692,77.87499357977991
120.19540166272975,23.001851835010747,81.08968912615687
120.19549800699099,23.002083336850493,127.56146603181585
120.19558605240516,23.002013032779022,108.26506505227144
120.19562805129651,23.002001238207388,113.63104876501559
120.19569504889593,23.002040610327793,121.02713346112475
120.19574068658352,23.00197622102662,108.54029917937764
120.19580912690142,23.001956494188757,109.10125807196711
120.19590024817873,23.001941488348834,102.00753462151023
120.19598260087797,23.00188986020881,99.86384489645268
120.19601304095097,23.00179818895576,113.82501364301413
120.19603644555247,23.001764910080354,116.39892286248413
120.19605929304177,23.001733767094795,112.41154024615297
120.19610236666992,23.001717055963983,108.16818542222008
120.19613088714512,23.001691069490686,108.71207025631591
120.19616700204077,23.001694975350564,103.11978040209144
120.19619214991965,23.001716095693716,95.99054694648507
120.19620730285607,23.00171172233776,91.39186016954055
120.1962401857402,23.00170782584877,93.08339840149122
120.19626188163663,23.00166978387443,78.95458090702311
120.19627610914364,23.001670773615217,75.71168625993685
120.19634817786854,23.001597786941453,77.30457694604958
120.19636447373306,23.001628576956584,67.83171341363258
120.19644220063483,23.001521144264082,62.71454680500442
120.1964886820779,23.001407075308173,77.8306970458527
120.19650379182356,23.00140698047853,80.01714914850882
120.19657376474464,23.001389731791456,92.88190992619693
120.1967554519391,23.001317426310546,78.01256864805816
120.19688797546654,23.001413820464208,86.66721108276313
120.19698782306864,23.001448010595695,102.22680691898968
120.19711569039038,23.001443837209436,105.25132235309457
120.19712628537582,23.00126561761422,104.09256686624933
120.19757227604256,23.00130540048119,137.31124265215848
120.19765577150139,23.000918834324217,68.33597646746566
120.19768547597137,23.000909461223674,76.20687648779887
120.197735957346,23.000855267162915,78.56627519444586
120.19781854799545,23.00084379764584,75.5311217973981
120.1978464173334,23.000846487005116,88.85602467679261
120.19794695796789,23.000811333435735,82.28516611604503
120.19802228174582,23.00083612931658,79.16453897789438
120.19814240456498,23.000861564591105,75.74334991683263
120.19820245483794,23.0009493505241,60.294246746575936
120.19829563474187,23.000955069478433,53.348614297310235
120.19835957747092,23.00083071981132,67.06601207137176
120.1984090845722,23.000792483503304,73.11888538452871
120.19843380512785,23.00078350080788,78.34094130449088
120.19854758319399,23.000756336640016,75.83668300889914
120.19877140510731,23.000671413342232,79.71746298291792
120.19835332330481,23.000922099823338,11.26953554461768
120.19903626620427,23.000514730226364,72.14759824440698
120.19909054735786,23.000459152806567,64.36280190971921
120.19912741865424,23.0003842707899,70.29386687113877
120.19914371051429,23.00035101765033,86.90982473740009
120.19917657721547,23.000313157098745,96.40611313113054
120.19922394135381,23.000324303008806,98.24511747473983
120.1992792358829,23.00029761234566,99.59677473579389
120.19935020210576,23.000324117595092,84.62684918898921
120.19951405883198,23.0003561565089,97.05864868193193
120.19960977688285,23.00032268899318,105.10076405523458
120.19961569113796,23.000279082647694,125.99875545556287
120.19970552488714,23.000256113769538,113.22573199882996
120.19975371365773,23.00016900165471,130.00694899599398
120.20012302116972,23.00010256204124,63.803591218821666
120.20029231961712,23.000071458898955,75.06891800431335
120.20032061811932,23.000049408382697,84.9501900425095
120.20035084038271,23.000042690505573,94.95127234816361
120.20045139488273,23.00003079363179,77.14533806878656
120.20047763846404,23.00006037323788,92.2043021560931
120.20057187552366,22.99998721032641,111.61267695878946
120.20073046312402,22.999987533196446,93.41102676329929
120.2005989825611,23.000052355486762,154.656650457806
120.20061416594564,23.000009832909903,173.90843642730997
120.20063232409149,22.99998105913752,169.78926198367307
120.20105251219528,22.999967149322774,70.92841347902156
120.20097658142035,22.99993323911696,102.1114916432527
120.20112352547149,22.99987968212764,81.20949972853158
120.20116725044059,22.999916548786867,83.90587452560251
120.20113677425775,22.99989491721545,103.3404058042861
120.20124697551917,22.99977991464242,70.16787719726064
120.20122815296756,22.999931970477917,73.00318124983944
120.20126940129246,22.99981172109899,76.02525624808145
120.20129238381776,22.999876489661467,80.20000740284858
120.2012720477529,22.99993633774705,83.43213673430513
120.20131273472334,22.999918261635802,93.49942365161206
120.20137726788393,22.999807867862803,57.13553189958469
120.20136499050963,22.9995348075773,66.84490027475381
120.20140511415559,22.999706034563527,70.88350819556163
120.2014431811753,22.99972326555664,64.8254657827592
120.201603086143,23.00006465091432,65.14280810240032
120.20169958788708,23.000600343365672,118.33895722436861
120.20153091820706,22.99952884475455,69.46619372692588
120.2013202056337,22.999769232348765,66.8864200788128
120.2013146303089,22.999762815146088,77.61523031798403
120.20124147480516,22.99971580304531,103.6851464799632
120.2012806042842,22.999730561437882,98.10293279262969
120.20124282496944,22.999802670556637,101.0797719474618
120.20123269637563,22.999841376205545,94.47314025803807
120.20115595973837,23.000038476267854,111.91198218899815
120.20120745014758,23.00002285571699,112.99170518687984
120.20125311817328,22.999781043349355,69.91816867846434
120.20135095421357,22.999939959419915,64.8782877499318
120.20141305414795,22.999917530147588,30.615058807974254
120.20100955682702,22.99963592711523,157.6903938194675
120.20071144857087,22.999840722072786,224.32717312186136
120.20144383428764,22.99990344242237,35.019609336038826
120.20144734383216,22.999920518223718,34.086385414323
120.20151445471122,22.999577316803055,11.943708567132907
120.20146878905358,22.99980195368033,59.021845360583825
120.20150243995671,22.99972525169187,60.91096882392534
120.2014669064719,22.999768820985352,77.59747354933903
120.20148561707295,22.999793575086898,82.28739911392066
120.2015296882634,22.999756532419838,78.55597490958696
120.20161342889601,22.999589624969797,68.80215938562883
120.20149918942552,22.999650334372706,77.6675305462653
120.2015149104132,22.99957801511179,88.67258413591773
120.20158025935343,22.99952742503945,104.85402233411675
120.20170404152773,22.999484086094085,119.47580600053783
120.20197837129707,22.999527405774266,52.327443105201425
120.20161921724463,22.999464802859155,169.8430593690959
120.20215767212571,22.99944580175562,60.15567674524974
120.20204582342457,22.9994770434899,100.59006386797026
120.20213373058674,22.99945465072669,110.71521038797144
120.20224281407806,22.99941327383606,100.18104506646682
120.20240614712357,22.999393664211023,80.23531999479093
120.20247005921124,22.999435230327435,79.65269174562751
120.20246747260951,22.999405367983844,95.86030912108039
120.20246300978452,22.99943684952857,116.9230686747257
120.20250676991976,22.999460227587775,126.75310294589352
120.20252987257716,22.999399409638574,120.12422633472794
120.20262692456731,22.999461179791034,123.0227121223028
120.20266783790025,22.999383256666327,109.5724140604267
120.20288009777632,22.99944139621037,89.35803956798405
120.20285233144335,22.99932858190825,93.10685886252092
120.20294610081483,22.99921012660345,75.40669153695072
120.20304946857264,22.999221581204363,77.66612737072165
120.20310151726777,22.999159508430534,75.55461331439702
120.20317203975233,22.99910538453804,83.98458762114896
120.20322342732497,22.999069010748865,87.97844886028827
120.20330674688792,22.99907860964984,90.7138232719186
120.20340567264522,22.999061506955147,89.14843930569936
120.20346575383263,22.999028860670286,91.79629264327552
120.20348817855376,22.999006084022717,100.63640984951078
120.20357721160396,22.99897793408621,99.12616165255427
120.20355509541483,22.99893734469154,128.38935444670471
120.20364622572599,22.99890085522775,122.03038104230602
120.20391516717763,22.998884733790316,78.6489046616469
120.20387058305934,22.998855929143335,106.66119476636482
120.20396139168002,22.998812165887536,97.9445891079938
120.20413055880346,22.998763685532214,87.27738527450566
120.20415086877406,22.998743916531577,99.98400546632705
120.2042788776118,22.99876540472119,73.50212814892397
120.20437667970428,22.99877297587062,72.42237949754897
120.20451546660402,22.99871652502814,84.21299302271629
120.20470135144974,22.998646340018592,94.76765591212842
120.20466299500148,22.998770100395998,82.98528275599658
120.20472480063559,22.998808861360153,90.0886304096707
120.2047832781331,22.99873836878911,98.38898786681699
120.20477791108775,22.99872477059668,111.08785415317402
120.20476206415123,22.998657193692807,116.85359357796641
120.20471159984922,22.998591417506933,133.9653058278992
120.20472228470953,22.998514084403944,128.29893445366253
120.20469472104776,22.998490686939572,143.9000034442583
120.2047534954305,22.998525105509938,140.01421919850344
120.20481997115185,22.998501705533684,134.3831760355458
120.20467231846895,22.99847376360949,176.4652936560461
120.2048789010273,22.998470702470836,129.477846463193
120.2048380183462,22.99841999389901,126.83234037721346
120.2048571246475,22.99850823551802,149.71347296916872
120.20507347760865,22.998501599334123,117.22922886613247
120.20478526622415,22.99851273003347,152.4212183968813
120.20474900566234,22.998472477877907,172.1923200602348
120.20484578554061,22.998614481445728,163.71443786022098
120.20489024678514,22.998646429022507,157.08402275563637
120.20469744625251,22.998663276899535,215.86376629538063
120.20459141373036,22.998647350610153,249.6029005821917
120.20472749785718,22.998696442716216,231.38461193413647
120.20479776625675,22.998714311584763,218.08403078246963
120.20479607283441,22.998682878706365,203.41613673735446
120.20464999249319,22.99858776873183,238.1651356017775
120.20473726002452,22.998597652374908,213.7901768650129
120.20470863078106,22.99864650545442,220.51013123772165
120.20466365039717,22.9986317876999,217.86564196775163
120.20465691877358,22.998693888461705,223.86842686213205
120.20469102199917,22.998726801034188,189.70742854459743
120.20483313423813,22.998565825583817,144.3667601086833
120.20488844284063,22.998550173835373,112.99902046114732
120.20493856899718,22.998516218419308,102.524500524495
120.20476046095479,22.9985169802488,76.75160732308282
120.20479575768303,22.998416194813643,60.684977721486426
120.20486355230278,22.998289432875875,79.9669631793217
120.20481171920801,22.998352887651055,104.27438933718874
120.20466136537149,22.998463780775268,155.18068581403367
120.20475475878965,22.998511205832266,164.2647025571842
120.20497549558101,22.99859661281972,138.31695883961854
120.20505191666548,22.998824606261923,167.97562872423214
120.20492316053895,22.99875751290685,187.05190361835116
120.2047721715321,22.99867298007378,184.00034924035333
120.20489717997164,22.99861710049048,148.38359884293953
120.20490102191928,22.9986548868917,155.38857264484997
120.20490303713477,22.998684291673925,153.85454411077407
120.20499024960564,22.99867748390331,137.98657039110253
120.20483187419634,22.998734415793304,219.4719584570721
120.20463138150939,22.99873748644741,261.0026077094337
120.20480107747498,22.998834382040336,263.6903901224974
120.20488872895028,22.998879189303643,251.48060892312492
120.20476216926154,22.998919126162722,243.41613277428186
120.20481456771543,22.99883583514459,241.99292045909786
120.20488522589227,22.998749740390565,234.90817897586192
120.20522808661501,22.99880098476805,115.44168579049888
120.20474793601919,22.998646079508838,215.70769420102857
120.20481171123357,22.99861160822763,199.17751182262518
120.20474831456237,22.998542450320333,207.4283583350753
120.20500780101433,22.998461506764627,137.63426191656615
120.20517417987837,22.998424892845016,93.24444996012505
120.20540978954811,22.99844260275145,77.7709548974478
120.20564224129207,22.998385243436065,72.22157496464226
120.20582621077386,22.998289860564334,56.209819721703816
120.20585788024638,22.99828911002753,83.9569697712107
120.2059002514001,22.99828125965652,92.40369751915237
120.20607910899929,22.99826638268422,89.55997772221716
120.20626073646993,22.998088418643,58.74888581732998
120.2062979458736,22.998223777288917,72.38521099596454
120.20638510508836,22.99821714508451,74.35062755085777
120.20649297244587,22.998197701881224,77.19674387457883
120.20651738657767,22.998213317824593,78.77933588504712
120.2066463224442,22.998108628564836,121.16203246848556
120.2065720401938,22.998110360154712,145.3598103822181
120.20664938382535,22.998131316298885,130.06894165236506
120.20665463987127,22.998130207043722,131.04118401422758
120.20678310690306,22.99815647943057,122.93033343205602
120.20690359369604,22.99824746980971,118.56492920370896
120.20712447807423,22.998202167089584,90.64085834556768
120.20715523972632,22.998099956678793,101.70139222328812
120.20728738893277,22.9980294496648,84.6672701471888
120.20719848428723,22.99813804090015,109.18037240098094
120.20742806832428,22.998097361868798,120.29103987734929
120.2076112054226,22.99807695918237,86.38006143630567
120.20769658500858,22.99799956280427,84.2124670804616
120.20773942118825,22.99792148510744,82.20122419839394
120.20750449593926,22.99779647372536,165.3998941081283
120.2076825687327,22.99776703719518,156.95470976136866
120.20803840701001,22.997808598654956,111.25100436963737
120.20821112034601,22.99778603453406,95.31848721179841
120.2084557182487,22.99771678419155,96.4779989058419
120.20850063268546,22.99774366922718,83.12039894796574
120.20853809197031,22.99770530671911,47.06720680400356
120.20864293629725,22.997687078407182,64.37649152477408
120.20868392548178,22.997724683883447,101.8723505728256
120.20856858807815,22.997802693527383,102.71449440119288
120.20867857090496,22.997907352757732,87.17792810292539
120.20874201213611,22.997815302094228,110.42592939292584
120.20883377908869,22.997755482014224,74.53038892675778
120.20877351426354,22.997936426880354,91.53378520074351
120.20885251305344,22.99791719792319,97.02008332697156
120.20887871806397,22.998005807701364,115.45016616694075
120.20889374160019,22.99784863415749,95.41553468102053
120.20885045052272,22.997774246930543,70.5589988981302
120.20892889299977,22.997845678331277,87.89009121963132
120.20892548768603,22.997955700369882,90.98044168073895
120.20883475446982,22.997859053327407,39.791245997846055
120.2088934170225,22.99794547855683,69.76921882417943
120.2089886891763,22.997960510500388,99.1219387067697
120.20898524464025,22.99774305538558,81.06914427585913
120.20898726079234,22.997815610390912,82.50033662795823
120.20902646466837,22.99791931880382,82.82254478986246
120.20901603525792,22.997866111941313,63.55189411287461
120.20902413045557,22.99793464843185,74.7605024385892
120.20912500415835,22.997982956103808,103.27960116272207
120.20913707763783,22.997806677361368,116.10752572360929
120.20921907299876,22.997974143120455,143.962955978686
120.20923562830284,22.998061900897557,145.99405169432097
120.20933395342993,22.998079840862484,178.50157167631235
120.20950620373505,22.998008223724117,149.57344494112183
120.20982058923646,22.99781081489442,103.60022665911036
120.20976838199817,22.99787581129863,152.71412099974057
120.20984801264565,22.99782127156326,163.48608282298466
120.20997499536398,22.99777415207273,119.18097149663798
120.20999647227362,22.99782425131176,139.90413200026603
120.21001627989972,22.99779256253739,157.62347958194667
120.21007216945189,22.997671035638284,142.75717451795984
120.21038057563153,22.997637258474533,77.0099458475303
120.21010642351348,22.99758927388939,184.76311029021699
120.2103107276873,22.997540403469706,158.30710459373915
120.21025002814982,22.99751577997755,176.07273780447582
120.21035366670871,22.9975165800935,181.58846165919846
120.21082483263594,22.99755983768265,78.99802280747731
120.21082472476091,22.997435955188447,88.61078080191625
120.21055499188631,22.997433136910477,175.94927743543238
120.21057364349215,22.997418816579493,185.3357540871875
120.21051694402448,22.997365684468242,215.85232722778017
120.21060628467376,22.997385776778874,213.7684195666543
120.21082898630615,22.997380834972677,183.94505497970235
120.21127790789757,22.997365450312863,103.71125138528491
120.21136963883868,22.99732169718621,92.11284722918018
120.21141013396408,22.997291816932503,80.37353387040683
120.21134626037168,22.996938020033014,13.2624363003661
120.21162203463646,22.997168328110316,75.16358151150602
120.21163221464755,22.997127212813954,69.50583195706197
120.21164224979672,22.99704221472156,63.46714084567463
120.21178431612931,22.996728038988387,34.40167966152748
120.21171946286812,22.996702179051706,34.85951488375228
120.2116654327349,22.99682938143981,60.27057916768345
120.21163852918207,22.997019056239047,92.64426378900055
120.21169969988912,22.996952269189837,88.53229741948027
120.21171428825815,22.99691833722239,81.00263160250978
120.21176048385868,22.996999926711037,90.93275525883507
120.21180881597898,22.996998688420177,93.84360333361722
120.21182174933767,22.997054234861462,99.29255920834386
120.21180494468187,22.99711577389777,114.66018763413221
120.21184018736449,22.997220895384604,130.61076262363898
120.21185908517083,22.99706791748713,110.18413055342981
120.21192020271003,22.99699920113269,94.10950414768372
120.21195804081329,22.99722772402304,121.44668392893112
120.2119045419328,22.997098561946743,101.41813671149133
120.21191490351806,22.997082002286252,122.02237346676733
120.21193756263635,22.99715312788559,124.85113648732008
120.21193122540956,22.997180533738124,119.00955875335114
120.21192003749103,22.997250711645087,123.31243764135829
120.21206727441188,22.99721683628183,138.52162142894193
120.21203123639827,22.99699133695643,102.67626132094908
120.2119450720023,22.99685748767885,80.37945059066449
120.21203718112282,22.997201888026723,141.71325787669193
120.21192744750431,22.996837133459003,78.1955174895158
120.2119434423818,22.996801234062804,74.42199680062856
120.21201308002453,22.996978742006327,107.65525393108743
120.21200004771056,22.996953619601182,98.91373339339742
120.21203785580121,22.99701550265861,110.51860493259437
120.2121039341635,22.997020728478013,116.59731378368622
120.21224787744886,22.99750118314673,196.38818052746743
120.21225418698741,22.997644953933342,217.82092029386078
120.2122388007777,22.997757863270927,232.63233526883812
120.21228125638929,22.997959362724462,262.5959900971549
120.21221165733365,22.997715542776973,226.8515880411256
120.21222405025395,22.997543467464553,212.40251903372825
120.21215919004965,22.997219471995482,165.0394805246619
120.2121364840787,22.996908392066857,117.5453323633905
120.21206178752797,22.997109489313644,141.14882620149643
120.21215500434728,22.997329907066888,176.1219530791153
120.21204241168056,22.997107766454103,129.26971936418516
120.21195974397997,22.997010089582428,103.98456287701549
120.21197905323834,22.997112462655547,118.85030248207646
120.21184499954293,22.99732388169874,110.33157916187841
120.21188555347591,22.99738761719679,123.19765693813481
120.21211039238048,22.997065548324567,130.24879000245488
120.21187719404021,22.99712261266643,93.75726852383745
120.21222568273005,22.99725329285587,169.18645774012123
120.21222922572254,22.99712180349528,154.8789692818992
120.21199561798053,22.997262821586446,129.32366952886773
120.21192906621265,22.997241315128544,110.09579143250731
120.21195065269764,22.997159313791233,101.87532030170227
120.21192218618522,22.99713885492865,95.62781756445574
120.21198442826537,22.9971018330353,103.6527102142352
120.21201185629981,22.997019617444025,102.20899707512092
120.21194780810107,22.997161082184338,110.43907151006034
120.2120394298547,22.99727034659917,140.69900236697688
120.21196316147315,22.997087464106176,101.70860881105517
120.21197973187219,22.99701343600029,95.01748393164645
120.21201262678525,22.997032676730008,100.66617217289748
120.21196862233796,22.99697511620078,81.53105820359364
120.21209332949381,22.997019719608684,97.81108659173049
120.21217312972365,22.996863934959638,79.89769564100054
120.21220272278818,22.996766149379237,63.343469538663996
120.21227148174452,22.99677731133136,67.17442419433247
120.21228239471148,22.996798504011142,69.54473100830045
120.21238897425467,22.996761899909256,75.68837677686925
120.21243913910025,22.996813282046404,77.82351030827895
120.21246867090497,22.996824531416113,78.25970973603238
120.21249429547342,22.996821474821495,68.28192567180011
120.21242741965493,22.996912045461787,78.98968269714045
120.21242412028829,22.997075009184154,75.5067884733126
120.212472481322,22.997032257752444,64.92385713899374
120.21246476413141,22.99701882610164,51.88777477774324
120.2124945357308,22.99731893828675,92.88640575210704
120.2125563129313,22.997348087529645,96.37300695873125
120.21257507485028,22.997404957219814,77.00793337127043
120.21261129005559,22.99753287587337,96.15540205785489
120.21269055124075,22.997337299297875,63.699124840027494
120.21251624599653,22.997502497744744,76.99365679483184
120.21255825867878,22.997496448070677,85.82529836133976
120.21247152021597,22.997675010325512,104.098576174409
120.21255558173888,22.997681586780732,76.98937053054745
120.21264883714572,22.997723279496114,78.43727224561582
120.21269387527282,22.99784205960724,80.60789523772166
120.21276264084905,22.99796117684485,81.0163716969194
120.21277801834157,22.998072700532514,99.96985148731379
120.21271280017156,22.998139774434,104.75317816762838
120.21273004968518,22.998252087069556,137.41133269040762
120.21266318563252,22.998343649913505,129.93351524821847
120.21250759742264,22.998419075916875,124.41015602047713
120.21250451996113,22.998502951974384,125.99172343925467
120.21253079542802,22.998592307908204,121.00491057466732
120.21259044575099,22.998625435601873,104.52080082635578
120.21265627470682,22.998700229252616,81.86935439095183
120.21278574774786,22.998812231396258,75.6921870408058
120.2127977760899,22.998869157690862,77.12462864109578
120.21282576159487,22.998958826198788,69.25543613051978
120.2128358822256,22.9990180864631,68.78175692764027
120.21281370977066,22.999077561135866,75.96117971840744
120.21278913730104,22.99913476062099,84.26013023142137
120.21279665590988,22.999177651823032,81.45250335974099
120.21280824149444,22.999226308384635,85.01452022050442
120.21281551150554,22.999256756491775,87.83441800032159
120.21280344656421,22.999312784022795,95.39327014245467
120.21287283858189,22.999401678736618,69.96568036040729
120.21280035358923,22.99956369794427,83.29604587703093
120.21284484158262,22.999611449130295,75.72321454683812
120.21286764787808,22.999632360657564,68.82173400007314
120.21289202932124,22.999702360422308,72.21806160617523
120.21293432280818,22.9997521049064,73.80594072853394
120.21293128158139,22.999841254049212,78.40740150237691
120.21294096095919,22.999916056093024,72.15621899748504
120.21294878744719,22.999968606710745,74.70045455408761
120.21297943377073,23.00002494646921,73.20211703898845
120.21301721472017,23.00008099596742,69.37448969942346
120.21304150790016,23.00013502619849,69.70864604955864
120.21299640436423,23.000196199208386,89.19834542100367
120.21299857026591,23.000237629492794,92.22892505211829
120.21304191154213,23.000289364053796,81.4851875416236
120.21307764475713,23.000346879439636,78.00152438057448
120.21311475175638,23.000396286894354,71.77260584739881
120.2130944332648,23.000471565585922,82.92225241301492
120.21315230637158,23.000516621065238,65.42208118335003
120.21316410913742,23.000574075905103,64.49235649075683
120.2131794347321,23.000638108091895,64.26113368964869
120.2131936609269,23.00069179197727,64.28311850661086
120.21321730819339,23.0007568292576,64.45742474552601
120.21321439080754,23.000812668448546,72.39693729585427
120.21311546670816,23.000872988593155,98.1101594193621
120.2130119467197,23.000916454437792,121.97600981179373
120.21285249233519,23.001053366014343,150.70639903606403
120.21280274712745,23.00109847557543,170.4490421511478
120.21305914329663,23.001150844636932,91.94552635570739
120.2131966126188,23.001162748170874,70.33537561511403
120.21319419979305,23.00122599743627,64.19791676569872
120.21326937410942,23.001205259979404,66.48373149459773
120.21329119082918,23.001207870872555,65.99842635524463
120.21329983624665,23.001229470561526,65.34243329938214
120.21332514575158,23.001224284655425,63.79640795601667
120.21333306734937,23.001222349424342,64.06483010289384
120.213339656615,23.001216196238254,64.2901960957424
120.21333395890316,23.001212723670303,63.81876417777052
120.21334774804731,23.001211044622888,63.4874093581235
120.21333907565825,23.001223549501322,59.88622310177999
120.21335286145624,23.00122026053797,58.20946414467479
120.2133558116196,23.001227435631208,57.97899231011645
120.21334925548271,23.00124575382012,56.49673464477584
120.21332034784022,23.001274823954713,53.88965812238889
120.21334341864808,23.00129812345049,59.18205655344133
120.2133549078699,23.001335269806262,58.22964087616262
120.21336424736639,23.001374255124297,61.53431016040724
120.2133599966311,23.00141901685712,60.90005408480268
120.21335590976682,23.001451938131986,59.737052726250006
120.2133679830424,23.001486497470243,58.902464977648734
120.21338133668814,23.00152456159798,62.04425769163803
120.21341406230421,23.0015498542232,64.10992401069834
120.2134635044494,23.001592317353765,68.03842946271058
120.21350763258658,23.001572926767366,66.1478465074228
120.2135325581627,23.001547417282918,61.959104312257026
120.21360304185536,23.001485857936892,59.44428966328776
120.21362642521781,23.001462256620343,56.64943778097447
120.21365941545173,23.001435299986653,55.37068278385864
120.2136951991871,23.001430196891917,56.30872448270818
120.21373176743522,23.001431950353407,56.92516599889703
120.21377625718549,23.001423417640147,56.928603748195606
120.21383568561144,23.00143198840688,58.22143234884886
120.21388844323062,23.001432643513986,62.03134278818599
120.21393906382082,23.001420178097487,59.267718812210056
120.21400119169103,23.00137604154987,74.92399820292815
120.21397656455876,23.001428679894886,59.77811761915916
120.21399423718303,23.001491344075443,9.697849590126227
120.2142141732334,23.001552474553947,8.699861779079775
120.21443662813309,23.001090289621594,-27.722010132448478
120.21440492163677,23.00125880515194,63.83689882552342
120.21433435062413,23.001434157749056,61.6988937551089
120.21437927556212,23.001390130295583,58.500813591145366
120.21439898465363,23.001368572789573,57.02171168745113
120.21444828291287,23.00139280528772,60.86928912856489
120.21447616787792,23.0013736274418,57.345142527502134
120.21451507645908,23.001343207000428,54.70200639715766
120.214577185646,23.00139806620458,65.52345115945135
120.21461532756966,23.001414883477402,69.53228097360832
120.21466834074397,23.00144460526185,74.5730911552077
120.2146808334967,23.00137039134476,62.9928586270941
120.21469383110144,23.001378566879502,67.74996566728898
120.21473250362378,23.0014665264423,84.74435733954542
120.21470968657647,23.001336890014624,62.148390061194505
120.21469293303058,23.00134307213906,67.10049994732424
120.21471046173923,23.001328363478432,66.9724416463639
120.21471393760868,23.001362588340058,78.71881945747879
120.21460779452471,23.001319893597948,70.13297947456151
120.21472166665708,23.00139634371413,97.0864397901166
120.21465570189066,23.001498153922842,101.38157696378865
120.2145507434527,23.001539508053217,130.4498874751874
120.21471833007928,23.001478521974658,111.06358102302607
120.21477198833134,23.00139140026306,98.59335500146864
120.21474936663789,23.001209842268064,52.16288787681711
120.214798746409,23.001228524419602,26.01727443501432
120.21478115141704,23.00128595834517,34.7157225090854
120.21475977268717,23.00127954630973,35.41895918647338
120.21482787296189,23.001243770412316,8.592396684386719
120.21478890802857,23.001285592940174,48.02614897171159
120.21468306424845,23.00131332260165,100.73055198810883
120.21469544401366,23.001410390923706,65.47065390656304
120.2147385165969,23.00138758744605,73.2924190646754
120.21479736729562,23.001361684786676,60.61173012989579
120.21480575279561,23.001335701510683,67.82302651620519
120.2148205234208,23.00130907193472,79.41377320960275
120.21481257240524,23.00131415904967,74.37187601728016
120.21486433587086,23.00127329559195,56.618657432640845
120.21477390890108,23.001335051671013,60.53680094696897
120.21481633847446,23.001279369190947,41.73971626397132
120.21464865670256,23.00127045992,79.55093987311216
120.21466481500805,23.001258839062483,66.50760881337425
120.21467468094716,23.001275939544,71.3385472550962
120.21465107144233,23.00131514550771,105.448994153168
120.21470407826921,23.001394604489594,79.6174764991992
120.21461303226867,23.001434085630265,99.72657248599191
120.21448912041413,23.001377317135013,103.44476202678213
120.21450037595865,23.001264649538967,88.07161799930188
120.21463022755051,23.00154550330502,126.41853896304654
120.21458211420348,23.001454700463043,112.78571115835602
120.21458578058763,23.001366482947088,105.32886121154169
120.21454706699532,23.00144878026762,140.39798849641187
120.21462432021531,23.00142454481949,112.54241826681869
120.21458965865425,23.001434996195876,100.60848470848582
120.21463303091507,23.001387904183655,103.76741427217539
120.21468413525908,23.001328084140955,80.50013054694345
120.21476171518971,23.0015574771744,116.83566783199097
120.21475905203049,23.001508021238617,91.83168905110418
120.21476886418921,23.001470228527914,78.30617827964039
120.21470130622059,23.00142588058904,78.49336573808603
120.21467770140231,23.001332337280893,65.26360760601429
120.21469317805156,23.001271523451255,59.2455094069082
120.21470521774546,23.001347813926255,67.45556434517351
120.21472920216758,23.001295106002534,52.665049860704855
120.21473863693616,23.00130243625228,47.449466060751746
120.2146901879651,23.00111609567758,14.859837473085822
120.21470060443205,23.001170006131197,31.953443171743007
120.21468458317271,23.00115112922048,27.582873936786765
120.21471912312713,23.001212637874445,33.92334568875297
120.2147510969441,23.00140935894946,70.31432773521671
120.21476946463991,23.001356908154996,68.65259834173047
120.21476543193504,23.00132369080844,64.55861943374536
120.21479059042062,23.001347172695244,71.19359419537757
120.2148337370135,23.001359710095116,75.86909332259867
120.21490420969491,23.001348691322733,78.03545865424336
120.2149222623527,23.001340513784484,78.81271214124416
120.21501413847722,23.001300232773453,81.93810600226058
120.21507499421398,23.00127905104327,83.32688796922368
120.21512102276486,23.001275722712784,82.2357575380622
120.21517313647453,23.0012811707969,82.78539481561633
120.21523471663747,23.001260404139263,80.37473720354201
120.21530431084169,23.001245129541083,72.38938481203499
120.21537353069468,23.001219757590068,64.43541069939462
120.21543542879255,23.00121732914229,64.05958889871889
120.2154956611738,23.001212746498137,64.08159728559798
120.21555585686241,23.001203608639308,64.27454307823261
120.2156204104724,23.00118732796187,60.86305720726902
120.21568206220759,23.001206453104736,67.76890534158636
120.21574555927458,23.001214959420484,68.38459448490966
120.21578929851614,23.001205453938457,69.27012424601163
120.21585782988755,23.001174054456282,63.611920299523334
120.21592118253704,23.001167810761846,68.60248502780236
120.21599911370161,23.001145848183523,61.680174951028285
120.21598837635652,23.001160420527935,88.63152532065135
120.21610410886001,23.001135092940117,64.11895984898118
120.21623313215713,23.001152908568542,59.42735963965136
120.21629819524141,23.00117621859969,67.45577945197842
120.21638524952803,23.00119534057237,69.00995580155278
120.21642237265038,23.001181524160565,78.76947015757108
120.21650338604368,23.001138915010227,69.67498656173362
120.21655198911196,23.001116702623456,64.84639901997204
120.21664712513346,23.001086142686276,67.10324751034406
120.21670173923755,23.00106633423174,68.22421908556501
120.21679881232548,23.001070688907397,66.2768412011453
120.21683216066793,23.001062686960946,70.86730040551706
120.21702024720868,23.001007499918884,63.81909084755359
120.21712891321685,23.001050529344937,58.98914359723855
120.21726542632172,23.00106579586628,58.59152546640362
120.2172598701721,23.001085477269235,98.1953595857111
120.2173545929658,23.00107640216109,94.88429465383427
120.21734597607143,23.001061523145182,105.85081165150146
120.21736403212896,23.001043658093835,106.47104634471418
120.21751107600427,23.001005423523658,71.10342502878972
120.2175283190582,23.00098055248918,83.51276185525363
120.21749727650791,23.00098456992029,116.9352046751638
120.2174416855456,23.000974481159684,150.89448572311417
120.21766722572109,23.0009367845961,98.83759330418519
120.21787936186172,23.00093913970702,50.93274133570141
120.2179071506182,23.000947208017784,54.7551613829325
120.21804096453646,23.00092737823213,57.96602770230192
120.2180796119352,23.00089957496735,53.213619693649086
120.21814419309803,23.000923978723097,62.432747049898595
120.21817664284143,23.000880629548966,66.78874313222043
120.21821598037572,23.00096655997973,98.15753262818738
120.21835728588438,23.00094702050904,77.2453509331925
120.21843813690427,23.00096755241447,80.0433181971997
120.2184200480526,23.001101897223034,139.6194251515342
120.21850652291789,23.001007066463803,107.6941472023314
120.21852059537842,23.00092995146703,88.43072785664368
120.21853606860338,23.000961001614435,108.71588429035873
120.21863977227012,23.00089184391584,73.99901645326818
120.21848360342591,23.00084324167015,108.79805579656247
120.21859773543164,23.00086185885971,116.421281304255
120.2185971837985,23.000909902123055,102.86484057265433
120.21863441333953,23.00090344856789,102.54124087722765
120.218685813174,23.000819523276245,67.2075937505321
120.21867602802098,23.00105663828404,98.69327504693199
120.2187215026763,23.000990946058693,106.02924899722777
120.21870146750324,23.00088383648475,95.37100347796687
120.21866232956101,23.00080878920322,81.33599422631698
120.21865456119907,23.00081728116564,88.7606841540632
120.21868714730974,23.000800257447573,81.92473082418452
120.21866084847845,23.000811467272687,81.18429467192776
120.21864066668653,23.000884715564275,94.05029590867687
120.2186001612031,23.000783264773276,58.53412019698819
120.21854148093021,23.00088519535013,105.32536203978309
120.2186196259714,23.00094402088029,110.44159476579284
120.2185487248926,23.000795351607064,133.46884761205487
120.21848583678943,23.000948070255035,162.79707430790802
120.21864887704703,23.001118720371117,173.19845517259665
120.2189327985437,23.001253765840453,136.56353705754324
120.21874719075383,23.00131099620428,167.09604042795118
120.21862857365764,23.00095002373991,116.27922233862995
120.21887988677567,23.000698745869936,12.536873312637898
120.2187973477248,23.000659678037465,28.507020819354036
120.21874530005176,23.00072451382879,29.445504157288482
120.21859458778874,23.00078137943582,55.92694379295275
120.21849219407332,23.00083040342918,84.10651506584426
120.21846056321063,23.00085450185067,112.97750227217809
120.21851677730108,23.00099166176406,118.96740712341986
120.2186178848471,23.001047644704673,153.90986004755464
120.21863220858627,23.000776798604054,63.22294302304446
120.21871903660423,23.000776300493776,32.038443580342374
120.2185524225577,23.00092307991459,52.48599516543969
120.21865417481513,23.00090106556326,46.077710641246874
120.21862213248033,23.000883945772113,89.81827816859345
120.21856916422972,23.000929812460562,100.21302995064917
120.21851471548962,23.000923000207372,113.58412346869757
120.21856105847618,23.001023305744255,111.26118682675003
120.21866079295212,23.001199518115666,121.52707148750585
120.21857206726007,23.001225405217504,154.08289847854914
120.21859075969343,23.001175757114993,123.00718176950653
120.21856200940876,23.001196522132915,135.69973594181363
120.21854473416732,23.000933840661066,82.5089930925324
120.21849910050919,23.00092240327541,89.38744275843742
120.21839644477306,23.001010258222678,127.90886125035075
120.2183844380418,23.000988457644535,127.0907299320965
120.21842102115085,23.0009851001067,120.18429818320992
120.21857035627126,23.00083803371784,30.86697794459929
120.2184509780206,23.000933958996946,106.45948869563553
120.2185075703948,23.000862283877442,83.23660663051837
120.21842952088838,23.000871789320495,113.49763450788048
120.2184516707387,23.000874539506334,97.71615055918154
120.2185048714435,23.0011709191532,172.35824369488557
120.21850229730043,23.001074060160246,167.71314138111083
120.21878313061677,23.001045819812365,86.12254317457686
120.21871230900189,23.000959040073912,95.99193121013788
120.21871457943897,23.000830127792252,114.52352825248644
120.2187631733366,23.000818613065345,95.51901208693899
120.21870585679162,23.000812384057827,105.22714949037898
120.21871631228859,23.000890968902457,95.12347321167663
120.21865433546263,23.000786955337624,81.56207515591389
120.21860839753742,23.00088094860235,95.61289294438488
120.21872280642637,23.000886439974508,86.3646548858442
120.21872241001098,23.000910789608938,99.91777722575678
120.21871186326184,23.000831060018452,103.51078110614112
120.21878632123922,23.00085146542794,96.05220991545588
120.2188277996245,23.000861285838244,90.89134411789998
120.21880829338724,23.000905706957596,118.19815929843057
120.21883010426903,23.000646099885646,87.9007956632006
120.21887944395738,23.000538798759585,67.34774077722426
120.21876458354228,23.000375632316157,79.04813556971571
120.21873713676734,23.000265794208154,79.12023378817435
120.21873559238975,23.000192203007344,79.23936677335132
120.2187351222811,23.000168256881455,89.28206884611545
120.21866980471788,23.000011038570783,85.00956753778969
120.21868770050688,22.999942201481378,84.63060243839197
120.21876350826895,22.999840198366385,82.37358557991487
120.21868817761093,22.99982796697015,65.75394564249564
120.21842340113842,22.999765384377678,156.2869636587443
120.21862758328665,22.999622595979694,87.82646519407345
120.21846396809849,22.9996062191403,117.04871940053184
120.21844256391434,22.999559247947012,129.59657519290997
120.2185807558669,22.99948855622577,76.21315328662784
120.21848359241295,22.99943778089694,117.63767007787226
120.21851963326753,22.999393850946134,92.14276597005282
120.21846365172298,22.99936554588427,99.36670276692854
120.218376218959,22.999325326969412,141.16959764448188
120.2183950600647,22.999288359193635,147.99041142250255
120.21858159665888,22.999159593372944,88.18602694120554
120.2185731217577,22.99908932191639,80.44479717082503
120.21857709083224,22.999031774692277,71.55145814772627
120.21860839179935,22.998957792298757,62.25664362734572
120.21865560036154,22.99889585806106,48.09071376709981
120.21861671665043,22.998862854549245,62.75623424753482
120.21865760741235,22.998837671207795,64.50478945103795
120.21866823099467,22.998796148801212,68.8695245679342
120.21866686991858,22.998708131345232,62.84002700860776
120.21857280075349,22.998666270801255,79.27221410003988
120.21857555911815,22.998591087793,90.28218837322346
120.21861076007828,22.99856608582024,69.85789064218206
120.21856605259174,22.998542000956366,65.46883482982572
120.21864662079679,22.998485955751253,60.530089491627436
120.2186573162645,22.99848540204303,61.843287293144485
120.21864663402337,22.998421372261806,52.121477810444816
120.21864336774031,22.998363114796422,57.21920449256186
120.21863439365195,22.998340018326683,60.40122098169713
120.21855064655718,22.998287865718986,47.85267285603673
120.21860147963127,22.99819513657037,55.83379859871959
120.21868932357258,22.998113817383235,43.589152175142985
120.21851686884317,22.998157751892574,37.084642688881544
120.21850109680007,22.998116708803863,54.453991776272034
120.21853719876069,22.99808421784059,53.958991786451044
120.21852684830515,22.998028586444015,62.6503631838018
120.21856382932995,22.997969608735296,59.674278668618726
120.21854933224343,22.997944869591375,67.35348241453694
120.21856693631078,22.99791200965329,74.04671842026539
120.21849950497904,22.99793278150231,74.38186437120868
120.21837383594759,22.997902364020888,77.89548365019247
120.21831761374348,22.997808292271717,87.44870557641339
120.21819044363504,22.997784277984703,103.69365161421852
120.2183212685948,22.997761998657655,79.29484923290937
120.21821712660974,22.997691158910335,108.37019526918778
120.21833125830592,22.99766908307166,97.09486192288131
120.21837217980497,22.99765348902799,90.02870895355247
120.21838210258564,22.997628910067426,90.4933002370689
120.21851740637922,22.997567851807826,63.905521639101224
120.2186048390186,22.997521302987526,53.43914321235604
120.21861506284257,22.997481069732075,50.45824120447475
120.21858259453786,22.997489794863977,54.27913848422631
120.21859375916405,22.997447624427803,48.63007763289647
120.21851176782604,22.997418890895403,58.48281226323535
120.2184666789973,22.99739427846037,65.48385519525854
120.21842719125226,22.997357913283864,68.55646687879839
120.21850727984892,22.99733942158392,59.84868080839315
120.21833919739659,22.997288556218784,93.45725246844943
120.21846182910483,22.997302050315493,73.06602032095546
120.21845562250485,22.997265488933873,68.76402717519841
120.2184288990969,22.997269814831437,64.07844556725098
120.2184294975057,22.997297740284555,71.72299730473193
120.21846056522287,22.997310068227964,65.54279479273025
120.21842275946216,22.997318591980083,78.07684109396752
120.21839485750483,22.997264563520314,70.21592434886345
120.2183871499391,22.997249934430105,69.33204998715156
120.2184489937954,22.99720987256874,57.494071570871405
120.21842055666353,22.997256229193116,77.63261567931688
120.21857149579733,22.99722011288218,40.642752124579026
120.21867716159892,22.99721501730433,17.56229540772507
120.21859361488052,22.997174760967138,34.31160053169847
120.21859062181545,22.997183146153006,37.940478890103016
120.2185713974314,22.99721226404008,45.26520008518918
120.21856322450778,22.99718242181814,52.10659022874549
120.21858618237646,22.997188975876526,55.381507165479405
120.2185956886442,22.997182044327417,49.43839609819026
120.21862157257921,22.997066190610735,42.06323865259693
120.2186167289227,22.997215657838407,52.61378335072082
120.21864264141364,22.99717844874135,45.6663164240983
120.2186452492234,22.99721776216203,57.94610533223315
120.21861845813494,22.997267515121187,57.43103984620264
120.218649427417,22.99724776081503,63.45630531974159
120.2186525003597,22.99727630209843,68.28466827099189
120.21865517618201,22.997296524428442,64.71913860012678
120.21872744979382,22.99727771967819,57.28140495012376
120.21867622509382,22.99725899522423,60.29000765812548
120.21870300135706,22.99716405592071,56.06663271354835
120.21873768486972,22.997040578541483,65.16312806689912
120.21884049628395,22.996918768185502,25.153291864531678
120.21869535009789,22.997070374612434,68.68318843570869
120.21863327081908,22.997121797777268,116.15793128631354
120.21853164658717,22.996999291852326,67.65838443027367
120.21835934109876,22.997064121363266,30.069368856481884
120.21854633741818,22.9968132444603,-32.526856008374196
120.21815771533608,22.997601516427192,320.5270123988566
120.21920034651033,22.997941306191077,201.3285368776703
120.21890247865039,22.997758065962504,49.48771489398237
120.21907079611329,22.997359488671037,86.10665336243181
120.21888351550486,22.997578946872547,16.84227274603841
120.2191750732134,22.99730641634468,-83.11686845684227
120.21904894130215,22.997406507293075,179.66833468812962
120.21940013437089,22.997927104498103,-52.44203231948414
