000000000107984 	000000000000031 	000000000107984 	000000000107984 	1.501031219959000e-04 	-2.614797267597000e-12 	000000000000000 	2.400000000000000e+00 	8.836868451908000e-03 	5.153583093643000e+03 	4.709124725375000e-09 	1.159369043917000e-01 	-1.798299963326000e-01 	2.925928225821000e+00 	9.648821664380000e-01 	-8.376063182366000e-09 	-1.000041655749000e-11 	5.396082997322000e-06 	1.234933733940000e-06 	-9.499490261078000e-08 	1.005828380585000e-07 	2.181250000000000e+01 	2.741562500000000e+02 	000000000000000 
000000000108000 	000000000000020 	000000000108000 	000000000108000 	4.977299831808000e-04 	1.023181539495000e-12 	000000000000000 	2.400000000000000e+00 	4.576373612508000e-03 	5.153773996353000e+03 	5.303435195077000e-09 	2.071515003166000e+00 	1.758660536093000e+00 	6.961718273338000e-01 	9.278247179323000e-01 	-8.406421589773000e-09 	-2.128660095809000e-10 	7.865950465202000e-06 	-3.090128302574000e-06 	-2.980232238769000e-08 	5.401670932770000e-08 	-5.818750000000000e+01 	2.091875000000000e+02 	000000000000082 
000000000108000 	000000000000014 	000000000108000 	000000000108000 	-9.201979264617000e-05 	-6.821210263297000e-13 	000000000000000 	2.400000000000000e+00 	9.251539362594000e-03 	5.153729293823000e+03 	4.312322482683000e-09 	2.859953028409000e+00 	-1.954351392226000e+00 	1.924581781733000e+00 	9.610143353845000e-01 	-7.762823352751000e-09 	2.514390448740000e-10 	9.587034583091001e-06 	2.732500433922000e-06 	000000000000000 	7.450580596924000e-08 	5.384375000000000e+01 	1.926562500000000e+02 	000000000000095 
000000000107984 	000000000000025 	000000000107984 	000000000107984 	-5.188295617700000e-04 	-6.139089236967000e-12 	000000000000000 	2.400000000000000e+00 	6.950063514523000e-03 	5.153704387665000e+03 	4.251962825604000e-09 	-7.008321386659000e-01 	8.041779499938000e-01 	-2.338138025885000e+00 	9.755903961588001e-01 	-8.036049019411000e-09 	-2.128660095809000e-10 	7.783994078636000e-06 	-4.060566425323000e-07 	1.527369022369000e-07 	3.911554813385000e-08 	-8.750000000000000e+00 	2.399375000000000e+02 	000000000000003 
000000000108000 	000000000000015 	000000000108000 	000000000108000 	-3.573833964765000e-04 	000000000000000 	000000000000000 	2.400000000000000e+00 	1.012263097800000e-02 	5.153676013947000e+03 	5.163429363273000e-09 	2.335768225871000e+00 	6.572909933453000e-01 	1.768654425842000e+00 	9.281457918777000e-01 	-8.271773123981000e-09 	1.360770967287000e-10 	9.492039680480999e-06 	1.374632120132000e-06 	-1.639127731323000e-07 	-1.359730958939000e-07 	2.759375000000000e+01 	000000000000181 	000000000000059 
000000000108000 	000000000000018 	000000000108000 	000000000108000 	6.335875950754000e-04 	000000000000000 	000000000000000 	3.400000000000000e+00 	1.833235484082000e-02 	5.153645284653000e+03 	5.303435195077000e-09 	-1.589433677835000e+00 	-1.760687286207000e+00 	7.471959946609000e-01 	9.263702218724000e-01 	-8.327132572781000e-09 	-2.414386283165000e-10 	8.597970008849999e-06 	-2.361834049225000e-06 	4.395842552185000e-07 	2.849847078323000e-07 	-4.781250000000000e+01 	1.932187500000000e+02 	000000000000101 
000000000108000 	000000000000021 	000000000108000 	000000000108000 	-4.440997727215000e-04 	4.092726157978000e-12 	000000000000000 	2.400000000000000e+00 	2.424097701441000e-02 	5.153781812668000e+03 	5.378438319259000e-09 	-6.954516181342000e-01 	-1.609792604038000e+00 	-2.916826850689000e-01 	9.425520634539000e-01 	-9.042519514376000e-09 	1.260766801712000e-10 	5.180016160011000e-06 	-8.344650268554000e-07 	1.192092895508000e-07 	-3.017485141754000e-07 	-1.925000000000000e+01 	2.740937500000000e+02 	000000000000076 
000000000108000 	000000000000024 	000000000108000 	000000000108000 	-4.449207335711000e-05 	-4.547473508865000e-13 	000000000000000 	2.400000000000000e+00 	6.638525170274000e-03 	5.153662679672000e+03 	5.139499795081000e-09 	1.266763636099000e+00 	5.027184546643000e-01 	2.856717929905000e+00 	9.432036617956000e-01 	-8.549284683451000e-09 	-8.571785620706000e-11 	5.610287189483000e-06 	1.920387148857000e-06 	1.080334186554000e-07 	9.313225746155000e-09 	3.768750000000000e+01 	2.611875000000000e+02 	000000000000067 
000000000108000 	000000000000012 	000000000108000 	000000000108000 	3.565512597561000e-04 	-1.818989403546000e-12 	000000000000000 	2.400000000000000e+00 	6.769243045710000e-03 	5.153666666031000e+03 	3.998023676591000e-09 	-2.583180835965000e-01 	9.115677598961000e-01 	-2.280098535850000e+00 	9.878166798783000e-01 	-7.936402011570999e-09 	-1.710785546799000e-10 	8.175149559974000e-06 	-1.695007085800000e-07 	8.940696716308000e-08 	-2.421438694000000e-08 	-3.750000000000000e+00 	2.414375000000000e+02 	000000000000061 
000000000108000 	000000000000032 	000000000108000 	000000000108000 	-5.324687808752000e-04 	-7.958078640513000e-13 	000000000000000 	2.400000000000000e+00 	1.549986889586000e-03 	5.153622671127000e+03 	4.447685263944000e-09 	-2.301774076621000e+00 	-2.695626430769000e+00 	1.840212197642000e+00 	9.570159886316000e-01 	-7.914972547519000e-09 	2.282237921513000e-10 	9.804964065551001e-06 	2.250075340271000e-06 	5.960464477539000e-08 	-8.381903171539000e-08 	4.253125000000000e+01 	000000000000189 	000000000000053 
000000000108000 	000000000000010 	000000000108000 	000000000108000 	1.427070237696000e-04 	5.911715561524000e-12 	000000000000000 	2.400000000000000e+00 	3.131200443022000e-03 	5.153666301727000e+03 	4.482686721895000e-09 	-1.003512368912000e+00 	-2.868240560269000e+00 	7.974683493691001e-01 	9.606284965927000e-01 	-7.963188841635000e-09 	-2.253665302777000e-10 	9.350478649138999e-06 	-2.661719918251000e-06 	-5.215406417847000e-08 	8.940696716308000e-08 	-4.850000000000000e+01 	2.007812500000000e+02 	000000000000105 
000000000107984 	000000000000018 	000000000107984 	000000000107984 	6.335861980915000e-04 	000000000000000 	000000000000000 	2.400000000000000e+00 	1.833235612139000e-02 	5.153645286560000e+03 	5.303435195077000e-09 	-1.591767469584000e+00 	-1.760687343261000e+00 	7.471961541190000e-01 	9.263702087061000e-01 	-8.327132572781000e-09 	-2.414386283165000e-10 	8.597970008849999e-06 	-2.361834049225000e-06 	4.395842552185000e-07 	2.849847078323000e-07 	-4.781250000000000e+01 	1.932187500000000e+02 	000000000000000 
000000000115184 	000000000000031 	000000000115184 	000000000115184 	1.500844955444000e-04 	-2.614797267597000e-12 	000000000000000 	2.400000000000000e+00 	8.837982662952999e-03 	5.153586082458000e+03 	4.547332271784000e-09 	1.166048155866000e+00 	-1.797052225867000e-01 	2.925869353608000e+00 	9.648826272572000e-01 	-8.164625803722001e-09 	-1.096474243982000e-10 	5.219131708145000e-06 	1.812353730202000e-06 	1.490116119385000e-07 	9.313225746154000e-08 	3.240625000000000e+01 	2.779375000000000e+02 	000000000000001 
000000000115200 	000000000000020 	000000000115200 	000000000115200 	4.977374337614000e-04 	1.023181539495000e-12 	000000000000000 	2.400000000000000e+00 	4.576709354296000e-03 	5.153773221970000e+03 	5.341293914902000e-09 	3.121694913775000e+00 	1.758606415439000e+00 	6.961111440290000e-01 	9.278232374592000e-01 	-8.412493271253999e-09 	-1.853648640478000e-10 	7.802620530128000e-06 	-3.116205334663000e-06 	5.587935447693000e-09 	7.264316082001000e-08 	-6.059375000000000e+01 	2.111250000000000e+02 	000000000000083 
000000000115200 	000000000000014 	000000000115200 	000000000115200 	-9.202444925904000e-05 	-6.821210263297000e-13 	000000000000000 	2.400000000000000e+00 	9.253270807676000e-03 	5.153726045609000e+03 	4.401969073967000e-09 	-2.373117048159000e+00 	-1.954320021410000e+00 	1.924526439542000e+00 	9.610158816889000e-01 	-7.753180093928001e-09 	1.589351917172000e-10 	9.164214134216000e-06 	2.488493919372000e-06 	-1.061707735062000e-07 	5.029141902923000e-08 	4.834375000000000e+01 	2.044062500000000e+02 	000000000000097 
000000000115184 	000000000000025 	000000000115184 	000000000115184 	-5.188737995923000e-04 	-6.139089236967000e-12 	000000000000000 	2.400000000000000e+00 	6.950073060579000e-03 	5.153704513550000e+03 	4.240176620376000e-09 	3.493701487376000e-01 	8.041355502391000e-01 	-2.338196236859000e+00 	9.755887225805000e-01 	-8.081050893920000e-09 	-2.142946405176000e-10 	7.595866918564000e-06 	-5.941838026047000e-07 	9.126961231231000e-08 	-4.470348358154000e-08 	-9.750000000000000e+00 	2.441562500000000e+02 	000000000000058 
000000000115200 	000000000000015 	000000000115200 	000000000115200 	-3.573829308152000e-04 	000000000000000 	000000000000000 	2.400000000000000e+00 	1.012408197857000e-02 	5.153673189163000e+03 	5.165215151944000e-09 	-2.897187188641000e+00 	6.572460247065000e-01 	1.768595440985000e+00 	9.281471436140000e-01 	-8.181055059495000e-09 	1.357199389945000e-10 	9.866431355476000e-06 	1.026317477226000e-06 	-1.359730958939000e-07 	3.725290298462000e-09 	2.040625000000000e+01 	1.726250000000000e+02 	000000000000060 
000000000115184 	000000000000018 	000000000115184 	000000000115184 	6.335861980915000e-04 	000000000000000 	000000000000000 	2.400000000000000e+00 	1.833272271324000e-02 	5.153647949219000e+03 	5.522372886140000e-09 	-5.414874646578000e-01 	-1.760763308208000e+00 	7.471330526105000e-01 	9.263663890270000e-01 	-8.898227789761001e-09 	-1.446488823494000e-10 	8.339062333107000e-06 	-2.373009920120000e-06 	1.341104507446000e-07 	-2.197921276092000e-07 	-4.603125000000000e+01 	2.042812500000000e+02 	000000000000001 
000000000115200 	000000000000021 	000000000115200 	000000000115200 	-4.440704360604000e-04 	4.092726157978000e-12 	000000000000000 	2.400000000000000e+00 	2.424191695172000e-02 	5.153783683777000e+03 	5.392724628626000e-09 	3.546759419509000e-01 	-1.609800064920000e+00 	-2.917473416592000e-01 	9.425527290816000e-01 	-9.047162564921000e-09 	1.392915163365000e-11 	5.694106221199000e-06 	-7.431954145431000e-07 	-6.891787052154000e-08 	-2.998858690262000e-07 	-1.643750000000000e+01 	2.681562500000000e+02 	000000000000077 
000000000115200 	000000000000024 	000000000115200 	000000000115200 	-4.449533298612000e-05 	-4.547473508865000e-13 	000000000000000 	2.400000000000000e+00 	6.638863473199000e-03 	5.153661279678000e+03 	5.070568352382000e-09 	2.317059194770000e+00 	5.026154666945000e-01 	2.856656030916000e+00 	9.432039382871000e-01 	-8.408207378444001e-09 	3.250135381184000e-11 	5.720183253288000e-06 	2.238899469376000e-06 	-3.539025783539000e-08 	-1.415610313415000e-07 	4.328125000000000e+01 	2.592187500000000e+02 	000000000000070 
000000000115200 	000000000000010 	000000000115200 	000000000115200 	1.427498646080000e-04 	5.911715561524000e-12 	000000000000000 	2.400000000000000e+00 	3.132938756607000e-03 	5.153669883728000e+03 	4.550546691392000e-09 	4.691363377544000e-02 	-2.868482221170000e+00 	7.974107030822000e-01 	9.606261325171001e-01 	-8.105694777579999e-09 	-2.525105180766000e-10 	8.506700396537999e-06 	-2.887099981308000e-06 	4.097819328308000e-08 	-1.862645149231000e-08 	-5.212500000000000e+01 	2.139375000000000e+02 	000000000000106 
000000000115200 	000000000000012 	000000000115200 	000000000115200 	3.565377555788000e-04 	-1.818989403546000e-12 	000000000000000 	2.400000000000000e+00 	6.768546300009000e-03 	5.153665418625000e+03 	3.933020968967000e-09 	7.918566321900000e-01 	9.115747775142000e-01 	-2.280155270739000e+00 	9.878153164386000e-01 	-7.914258232051001e-09 	-2.385813664430000e-10 	7.906928658484999e-06 	-6.575137376785000e-07 	2.048909664154000e-08 	-8.940696716308000e-08 	-9.562500000000000e+00 	2.423750000000000e+02 	000000000000062 
000000000115200 	000000000000032 	000000000115200 	000000000115200 	-5.324743688107000e-04 	-7.958078640513000e-13 	000000000000000 	2.400000000000000e+00 	1.550579327159000e-03 	5.153622018814000e+03 	4.540189117100000e-09 	-1.251709477604000e+00 	-2.695478796003000e+00 	1.840156014273000e+00 	9.570168502903000e-01 	-7.970689154054001e-09 	4.964492505325000e-11 	9.693205356598000e-06 	1.870095729828000e-06 	-1.024454832077000e-07 	6.705522537231001e-08 	3.656250000000000e+01 	1.948437500000000e+02 	000000000000054 
